69
33
63
54
4
45
8
44
50
16
95
56
76
93
50
22
63
19
40
34
87
39
90
52
96
34
39
40
94
31
72
19
79
15
43
9
19
30
88
68
25
69
16
49
7
81
18
14
2
63
56
48
55
75
87
54
29
46
25
77
63
43
38
66
37
14
92
37
62
80
84
82
97
90
26
41
13
60
63
50
68
79
21
91
59
82
27
86
50
41
95
58
28
87
9
4
58
74
32
1
35
88
42
31
99
37
67
25
73
14
26
78
39
32
29
80
85
97
27
64
38
18
50
38
67
6
37
75
12
50
62
67
72
70
76
1
50
46
97
59
73
20
66
66
41
29
84
57
19
15
25
89
56
14
66
9
33
9
67
3
85
67
23
62
13
97
26
1
56
58
16
68
63
10
80
94
24
19
1
35
23
85
27
7
83
40
33
63
13
88
70
58
54
60
38
46
68
33
91
88
75
57
34
41
100
43
19
58
22
22
8
91
87
54
97
48
24
17
53
20
33
30
51
29
79
6
39
79
51
68
67
96
52
62
9
32
44
32
99
7
87
33
41
35
76
84
29
90
99
37
37
4
51
43
100
20
40
52
70
53
76
43
46
15
87
6
77
31
23
48
28
31
29
88
20
41
25
99
77
95
84
67
10
99
100
96
47
83
72
55
88
60
61
97
45
11
64
60
48
57
68
88
15
11
42
33
38
48
4
16
25
73
39
15
38
61
12
13
76
87
29
46
60
56
95
87
10
38
54
33
48
61
17
4
23
4
72
81
3
31
19
3
47
50
79
62
3
6
91
41
65
82
17
62
99
30
37
32
20
94
47
44
13
29
72
7
48
20
85
95
97
28
15
91
53
69
6
64
97
87
76
21
24
2
97
15
59
36
49
70
8
97
89
22
21
76
42
29
79
81
70
37
18
42
36
65
74
49
6
84
22
50
45
13
25
25
80
24
10
27
61
33
72
78
9
31
34
54
39
32
67
61
30
79
5
9
66
100
75
100
20
27
93
12
76
72
30
53
36
82
100
24
74
10
39
49
59
78
87
75
10
61
56
50
95
70
79
33
24
33
75
77
7
68
67
22
86
42
33
97
47
88
83
9
60
81
30
74
6
12
97
87
72
91
55
83
7
30
35
46
100
20
62
48
49
60
17
59
59
24
22
84
23
51
65
36
59
81
60
65
44
20
86
2
14
16
99
47
35
18
81
16
52
76
80
1
12
95
92
66
50
10
11
28
86
18
26
84
15
39
73
82
47
99
29
32
58
60
48
12
63
38
5
7
41
41
6
36
81
4
84
57
21
15
14
20
49
78
56
36
7
70
5
1
12
52
7
53
97
32
30
93
31
64
72
52
67
44
7
74
64
96
31
7
98
48
66
36
11
27
29
74
52
51
93
82
55
88
14
78
62
68
30
94
62
13
57
13
97
5
16
77
53
18
19
91
46
36
4
100
58
68
92
9
38
82
64
98
12
26
89
45
87
59
63
27
2
76
80
19
5
3
55
62
60
23
39
19
33
4
86
20
60
46
38
21
53
50
39
39
70
91
84
63
6
57
38
24
49
51
42
99
29
71
14
62
84
74
100
98
31
28
71
84
42
44
38
86
57
35
4
10
6
47
92
5
60
68
90
33
88
6
86
11
14
4
41
87
42
72
17
64
79
11
76
65
48
55
8
80
13
79
5
100
16
69
20
41
25
89
87
83
23
90
100
17
8
15
79
34
42
96
54
25
22
45
15
13
78
10
76
47
18
71
14
43
48
2
52
13
45
43
21
84
77
55
53
39
94
80
63
16
8
95
51
17
9
15
27
1
79
50
83
59
76
34
1
61
2
33
53
20
35
8
13
97
28
60
20
71
94
62
96
24
84
61
93
77
85
61
48
78
57
22
44
24
59
42
64
21
34
59
30
65
16
20
14
99
74
6
25
100
30
82
71
33
33
57
43
3
77
82
43
46
2
47
88
82
75
95
26
6
51
80
67
18
9
8
68
80
64
68
37
13
63
19
10
37
8
24
78
32
4
67
35
86
23
53
89
2
68
86
40
82
46
39
28
10
36
20
48
82
34
95
35
100
21
41
65
75
13
73
80
65
25
27
12
99
83
43
65
22
85
26
89
64
35
52
58
41
61
99
21
27
76
42
75
48
72
46
78
35
72
93
51
64
5
67
23
64
68
58
80
44
79
57
13
16
18
12
40
43
14
42
15
21
97
74
93
5
83
12
59
25
61
43
31
26
8
15
43
76
44
49
8
2
70
72
53
50
