32580
19502
16798
25270
31075
3316
15143
26313
11877
28793
13883
31978
27948
27365
29676
18739
21368
17614
29963
31109
1718
16569
6554
14121
28441
14814
21632
23479
10476
8236
18304
27959
8231
30093
23404
9607
2624
12395
10390
2301
12867
10099
17288
20556
19237
27289
16885
10668
15446
11612
3055
5429
7317
9803
19801
24716
20232
1992
7072
1474
30348
30220
9126
29049
13130
7787
29695
29769
24203
21465
14176
25442
14541
21678
29524
11378
15893
7590
7985
24777
5256
28204
10059
31675
18741
25048
12391
26693
20278
17206
12147
2548
29943
31689
10612
19715
17365
17743
12223
451
32235
71
27756
1856
11816
21425
21256
2338
32421
31253
18826
21713
18742
24518
23944
2525
5696
30312
22955
10652
32202
25008
20321
18965
7894
24939
26833
28700
8433
7362
5908
21695
29705
12988
28834
6625
17023
13316
21514
12837
18813
27117
8935
14
2954
3763
10511
28772
4443
23300
1037
5081
11500
3262
7890
31724
29392
19195
5543
24334
24006
2891
5734
18435
20620
23616
4330
21644
27128
14640
19396
18243
24388
19254
12591
28870
20650
15226
26695
13335
19504
31410
3701
10819
29382
8681
9518
10562
29582
20607
2013
12831
20859
11122
32285
2649
10013
25051
15916
1160
23739
23228
29596
15427
1187
28664
7756
18754
20926
23203
23959
11712
23655
13436
31691
1059
10621
12984
19933
12255
10167
32258
15195
5528
5944
19391
673
7815
3940
7318
3408
2846
5873
17456
26876
22767
577
7740
14373
16330
3055
5303
12137
2597
23464
23402
29431
19649
28476
1204
26695
16779
6644
21385
20489
18881
3623
28347
15451
23381
9480
22904
14142
23958
22722
21781
11595
14605
9415
4105
28834
7845
16484
17981
26660
18960
26522
13955
16098
17253
9769
4451
10196
25614
22765
17694
2511
8929
22893
19181
10161
27533
1970
22922
6367
1336
9813
8433
9713
19558
15580
29544
23979
17437
29767
32701
30255
16967
8677
207
20082
15191
29804
1615
9197
28975
30537
15048
20629
2369
24629
19165
9484
19957
23305
20947
13081
8011
18387
28495
7254
22210
7977
27232
14632
8824
28861
1471
11252
7058
12338
26966
13456
7134
17454
17664
22520
5815
2993
4240
12355
31018
19877
3348
30933
21847
18102
27483
10965
23833
18787
15284
15842
28649
9301
2809
24833
16383
17136
20684
16346
21179
15401
4897
10277
24644
17303
25341
9055
22127
12492
5756
22721
738
4325
25625
19314
10361
30304
17194
18684
1000
31534
13738
7165
930
10505
24379
22303
14074
15368
3435
19529
14472
29553
5431
1047
6095
25806
10702
18824
1564
1347
4247
7671
19121
23838
22132
10573
16931
6576
27209
31348
27905
29020
16568
11279
20918
3565
25903
16744
13745
28972
7205
20393
29123
1971
31392
18256
26056
24060
5883
29149
20361
11197
14054
30669
2273
10616
7854
716
28959
25677
26047
20519
1452
1044
29799
18304
28142
14248
3804
27077
32363
15237
4481
11363
30514
11926
16997
5302
375
10568
23564
10180
12413
19171
13683
556
2489
12570
11086
11353
22580
3553
11924
32507
20273
20350
7229
11192
16400
3811
16971
15902
26482
14395
13831
10461
5534
8643
24461
13107
13859
1243
24202
23207
31423
3421
11333
31994
11648
29485
7900
24155
28201
21009
12752
24538
24279
13251
14276
31263
996
69
22914
20572
23308
18549
1599
28544
28110
7905
14624
3502
25365
29404
14333
24045
21528
8658
12132
19489
26751
13016
20449
13626
32199
28807
20604
28587
24039
21771
31364
14365
18740
31863
8843
22117
22402
4443
12978
3764
29836
26521
10791
13070
31638
14708
13803
26878
13904
15082
18137
30599
17150
30532
18660
12637
9686
11499
24480
20310
2473
7037
19460
20251
29638
30752
24430
10787
28444
31767
8167
30946
29342
16787
424
22077
1772
25291
23006
5954
28463
3918
28331
11030
22852
2968
18541
14126
22814
20196
10306
17346
13157
13122
18380
3199
15203
27625
17969
18813
18465
13774
26214
1136
1229
30326
686
20002
8287
15624
22877
26657
8317
22950
5858
14004
23451
32509
16644
3860
24166
8731
26476
13785
16483
3201
15716
8627
11219
21626
222
22106
7387
12203
21176
27592
7137
21482
25662
5541
30521
23124
7665
16131
16385
22681
9095
3659
3657
9371
22834
25975
20600
30264
20005
12930
10730
23395
12373
9245
9438
12922
11644
5796
15248
7891
25956
19792
31906
11161
20834
19374
20160
4310
17696
25424
6020
20176
27808
18882
18839
5017
27518
19135
7706
7906
374
27301
32068
6160
22565
3367
23116
2706
24084
29762
1673
31857
21234
11122
16344
21288
26913
13093
32318
31415
8309
112
17614
755
15928
9473
31181
10016
1649
13141
2581
29633
6757
13099
23479
32431
8287
14904
21476
25961
6317
32028
29710
1451
1003
27797
21066
9282
16004
13042
28921
30238
13685
9675
14759
16297
22612
32752
7987
32343
27793
30623
11056
20606
9725
1274
31372
3945
10376
27831
28015
20392
22351
25370
3686
15273
5334
23328
29889
31885
22673
22014
9786
9524
15786
18121
15319
21402
28414
24183
19985
31847
5225
21510
27701
5313
9539
31995
8971
3685
17450
18958
22198
23030
2050
31780
29659
25492
22075
9597
15365
15793
12882
19247
12616
28192
9883
15059
25893
4463
10813
26750
11950
18551
10366
26867
3050
9265
3393
23574
12923
972
31436
23460
4990
6396
3279
16930
22195
1684
19618
24083
4318
19799
15055
25966
14701
31499
4560
15695
9050
20432
9754
27117
32083
19888
1882
15052
7449
26231
18174
1844
6694
15301
2039
3809
31634
9569
15293
21244
32055
29136
12436
31562
12308
5415
21775
7076
31215
14877
21714
28071
14398
26980
29339
21164
2632
15162
17284
12794
1672
18235
12162
1851
24402
18041
23346
13613
15033
7118
24277
28826
16815
13937
28312
22410
10862
712
22554
2231
16919
23933
31016
20289
14745
15572
5067
13987
14805
1084
9092
6886
768
13860
6102
2325
6984
30735
6149
1008
20666
7403
13342
228
4707
10654
10039
12603
25781
2019
3832
27537
29997
23380
15450
18823
4403
11463
431
19899
1090
24542
8675
9719
8520
9946
17665
23976
31568
26800
5624
5266
4446
19807
28064
3523
29082
25728
12024
10949
6065
6687
14514
10008
2681
28105
4081
10207
31956
8166
10321
29658
30166
18762
27944
26516
17450
4358
28683
31198
16561
29828
24724
25723
9325
21971
12643
17693
30110
17471
3683
19089
20522
13093
2126
16950
3394
4869
6516
6579
3651
217
26552
10473
11994
32677
26587
22567
8812
28752
17917
30365
16565
15282
14176
21780
1455
25326
6512
30940
18613
27138
512
31493
28392
20636
9431
26578
7378
3376
12907
12906
11081
15943
5100
4305
25494
1562
10372
21527
18135
17503
26590
4303
25762
8803
3557
11203
1259
9561
13262
7910
10536
15089
31320
2698
10418
29741
10578
26323
27759
25201
26718
26988
3502
19161
29942
29560
23634
9166
31148
7116
4147
4316
27318
10587
10689
20670
2985
4593
17899
20923
645
20773
26943
24630
7154
11145
1618
9088
9417
12835
17250
23792
31958
6689
17210
7478
18141
15560
30038
25580
23002
21422
12616
23918
22413
17705
8538
13036
3126
5383
16501
8381
31646
19839
28481
18166
16214
29800
25742
26684
6723
24745
31987
2774
25947
1009
11700
12294
14761
31912
7913
5530
31639
1061
12509
13758
11116
3361
28853
30996
7956
9835
16466
20231
2336
30174
13688
8284
28941
24465
29743
20489
201
11597
2153
15947
19315
19012
742
499
29026
26367
23893
19456
17770
6553
27068
10611
22362
20011
20761
5983
1993
7047
25930
7488
2323
20521
18986
24973
29086
19306
14845
27793
17250
30455
26894
3446
3240
29826
19606
5539
1553
21431
18656
24136
20955
25714
2731
19510
16480
31023
4048
17909
15839
11714
8996
20496
19839
1608
20384
17332
13713
31325
3775
21369
16662
16527
13864
21120
14977
28179
26765
29118
958
16055
3539
26519
28530
6424
5747
13743
16261
8981
3616
253
27870
31363
16810
12321
7277
26146
31778
17399
25967
4816
7999
7788
19693
12541
6912
11152
6790
1631
2195
8429
27247
18407
27766
18200
8376
20467
25564
389
8657
1221
16722
2207
29772
820
23714
2584
12260
24993
6647
9086
23999
7981
27715
27408
11760
4905
22238
31439
9792
28879
12912
12760
11822
13103
14608
8176
7220
1387
7597
20321
10316
31527
12973
24837
26547
11580
25557
11936
13805
3756
1897
26482
12041
3547
19092
23309
7974
22012
15625
26213
2870
17609
16363
14118
14082
26743
23531
22858
19567
6633
17072
17130
2047
1828
32635
21076
3738
16899
6923
29279
20623
10027
14014
22779
7638
12610
25338
5132
20376
3164
13515
22649
10992
32182
24269
18303
24820
29607
20813
7756
20463
20947
9643
969
27121
19874
22786
26807
25738
28401
6667
11773
5586
2311
11839
1344
8876
16330
12860
16309
25164
27954
14698
32563
6903
31487
4318
32141
31754
1191
10623
24094
31038
21907
28007
15781
27434
6026
1164
29780
6410
17774
19615
15907
4030
13862
2100
15722
27158
21467
2340
2991
28236
21351
23087
19644
9426
10
11238
30709
19534
28511
2249
19433
20196
12687
5292
8231
7347
20933
23391
2387
4002
15074
29325
889
15452
21617
29413
5792
21657
27613
3192
10659
32416
15841
14946
30524
17929
13377
22957
22882
2504
11192
10098
24277
2919
22065
27201
24311
915
3386
19139
32733
24538
10421
8094
25254
3507
11728
12441
27147
30399
27192
13569
20280
4686
20362
4427
30938
12325
8971
6138
18554
24703
21912
20932
21001
7505
6112
4336
12732
6354
32464
21506
29722
21819
19535
15258
17491
27083
12332
6042
21715
6415
5460
20359
13847
7264
20297
10802
4031
18605
15311
14487
28645
28795
11497
26629
9390
10025
12035
32639
21534
18809
32625
3171
17969
28492
18200
585
5415
10925
28011
4654
14367
14353
6042
31954
7143
989
10245
25694
15891
10537
20983
24906
32332
19908
5521
24190
6635
32632
14340
183
1479
30351
3076
7469
6730
24981
7801
883
17867
7776
7031
7838
14615
1102
32624
12713
16977
9166
26792
13080
18941
7970
7402
3036
9815
99
6010
15735
14569
12485
13130
13152
2652
29980
17776
17321
22671
5023
15320
8927
19174
1772
5174
20274
16613
25165
16191
14037
28413
19258
17433
7592
15781
11295
14352
1557
7853
1119
24202
8503
19663
31128
1341
2626
10632
3625
28831
20767
11558
8433
27806
6230
7457
6746
21906
18993
31918
27286
11632
10527
27538
15657
4416
16214
26420
1448
8913
29116
8695
18880
15019
14856
25798
19577
30277
19492
12017
32444
30328
10966
2103
22804
25140
28576
14628
689
370
18917
23965
27058
1129
31052
1465
12452
19205
18282
22738
5445
16533
17563
28380
13454
8132
19504
21494
20465
13002
5072
27199
30688
25571
18968
7659
16270
12800
2181
8086
24057
23997
7316
6359
24616
25236
27687
3865
20657
4176
31019
26790
30847
22724
18552
18437
7378
9660
12280
12678
24199
19252
20492
12059
7834
27080
15403
26217
3049
21868
5837
21791
15931
21597
9351
10119
640
19032
6775
23899
15451
9225
11234
12505
221
5830
6940
29721
20116
2173
20904
22687
1732
13291
17313
21805
3060
23823
8792
7642
10668
10719
8767
25192
10622
29497
22534
18131
14659
8732
28931
18982
1703
27928
19159
3986
13288
2563
11855
15809
2522
10222
12680
26728
2863
17751
1367
14364
19701
13985
12775
17510
14432
28865
1700
21529
6602
27705
16728
30691
8440
13386
12436
13091
13983
30309
21842
9978
19238
9700
18392
29605
686
2039
25568
17418
25168
15329
32757
14224
25253
4964
13344
7732
2956
20345
29636
15066
32039
5445
32455
32736
2599
12105
28146
31225
18250
28377
24219
23865
13345
16847
385
26732
24855
20608
4343
4780
13999
14319
29253
14131
16909
13377
1611
13165
10936
20337
28007
11089
13726
26693
17049
26610
31065
9601
4581
1105
10160
10586
3577
23670
4193
6445
18704
29375
16670
19825
29974
16247
26325
15851
28429
7850
21556
32288
6575
20536
20845
24080
19285
15913
6454
801
21271
32064
10004
3418
22837
15315
15066
7377
7862
4826
13676
19303
24654
27973
13001
28338
24709
31123
1353
13883
23830
22944
30243
31210
29589
1214
28465
19646
14677
4104
29176
10177
2697
20723
32739
16700
21673
3622
22479
25639
24600
12940
11468
23523
23811
13991
14882
18476
14220
13351
22675
27977
30504
22459
30944
21637
11589
9511
10127
20707
14129
16791
32234
15374
22327
14386
9291
32655
26891
27891
18839
15938
13672
12724
13321
12811
10487
12684
20273
4549
29299
9819
23356
4987
19467
3235
8565
24283
29703
18842
21004
999
6319
30589
28438
18926
15208
19494
26838
27323
20257
19937
20283
3596
5613
19068
15529
6470
497
17565
24061
10086
7553
19288
15307
15675
16006
28673
10473
3539
2339
20031
31282
25395
1432
23138
27524
32586
19814
27127
22027
2344
5044
10905
7106
23148
3313
31498
27702
16635
31163
23170
18062
2296
22783
25158
23752
25328
1378
32125
15429
31316
16864
21311
24456
20525
31155
5872
3387
11787
14199
13004
10354
17726
6027
194
22068
20041
14778
1414
7224
15508
30235
25058
23788
23137
22837
28237
21691
24833
11111
13502
31888
24904
1928
15554
30102
4158
17610
24013
25155
19479
14308
3021
20628
28006
3952
20997
6554
14477
20369
28697
23093
888
12506
19813
26912
25483
26219
13971
28205
30680
3933
6509
32466
9110
22369
13039
25573
19662
2723
25505
27812
29528
8437
7716
29432
13318
1065
9226
29947
3103
5566
1259
26551
28943
14272
5044
10033
4188
23785
17987
10150
19420
25612
13105
19476
17958
17076
8687
1532
4934
17160
24853
8806
25013
22769
22262
26663
12168
21119
120
27487
24551
26505
21027
14917
17601
27796
12151
18215
28862
11510
27779
13228
25973
12348
3507
24925
29152
28360
14826
27491
21772
14783
4816
28050
30997
23074
26478
15527
23122
11066
29944
29646
28365
13370
10729
31592
8694
1312
8021
27914
14488
23260
15483
30921
12555
20148
14491
12213
29612
5351
28423
22435
26506
3728
14715
11312
16226
13006
17585
12546
4814
4898
4913
31057
6073
32536
8807
2214
4118
2858
26103
12515
16337
32481
3413
4484
32518
28221
18320
7204
15474
599
31086
16963
1063
13637
6590
12358
24195
1342
10218
14783
7010
25342
28876
23279
23955
24428
5570
29578
31369
23675
2565
7865
595
17742
31286
19557
975
4511
21050
32691
24858
6241
21832
22219
18506
30116
31808
16350
9312
1978
3647
32615
6776
18328
10096
27569
26435
126
8741
409
12471
10971
5670
13973
8197
28267
25160
11253
22476
4002
29762
10089
6796
19533
17085
29892
13661
27511
11690
5375
737
1161
14552
24193
6775
16822
21702
29341
32689
8598
10678
11357
26121
31761
6402
27774
23759
20095
26803
26299
30566
4877
19792
21583
17840
10083
17908
12213
12487
1668
32419
23986
4078
23029
11486
26517
2503
9761
6773
10942
5574
5628
21149
8541
12773
10727
9538
10364
8345
19924
29855
26432
17157
6826
267
15211
25454
18155
10006
20262
1008
2708
17364
15358
1391
31300
13177
24364
15056
7585
7718
17177
15464
17655
1795
16929
4020
25123
20878
18071
30539
26800
12595
19466
32530
31039
14108
1479
6319
23596
29258
20127
23616
3950
21989
17899
16716
27583
22992
15821
25593
9470
2433
24248
10880
10705
29968
9266
24287
9870
14477
5848
4302
12124
3479
26531
21491
21909
6954
20587
11865
11375
30649
23977
19231
220
4477
1409
17773
18606
28940
12288
8108
3327
2605
5282
15095
21456
3819
4375
25292
19696
30952
23878
16648
17952
15604
16531
19986
10868
23774
11357
4438
4348
19338
24523
17909
7844
22340
30921
14266
16217
3668
5709
27729
31341
20947
28639
27827
26173
2749
1624
17125
32529
13639
20970
32738
25923
13938
4448
24022
18084
12256
7847
21132
30491
17894
27790
9770
31887
3044
4554
25116
4615
2769
1341
11342
26128
5658
28536
25246
6240
25261
13694
2705
15032
5200
8394
26948
22799
13624
18580
22438
19692
19415
8273
9957
24596
757
20345
10534
613
6146
13964
12921
5890
939
17751
9740
7344
4267
1652
25503
13696
21732
1040
10551
20911
16558
27120
15639
458
14447
2230
29676
13333
27756
7777
26440
24878
25310
2068
28753
27630
26697
16664
15035
14480
23049
21283
1011
16149
32557
7131
23197
7398
25481
2966
29249
27068
26887
16740
24385
21437
830
10319
20239
18152
20806
31201
4252
9138
2506
18919
276
18673
27998
32629
12488
29946
13075
24362
21612
16902
9033
2741
22146
16859
21701
6552
7446
31912
16388
12076
22444
22320
7374
12774
26999
9258
15886
2008
17355
25832
24544
31867
17621
32056
7148
13227
28298
24200
30707
19955
2525
28237
17063
8715
2613
11173
12992
12191
17694
22586
31820
12114
21054
10346
20550
25603
10124
16038
31339
4431
17852
30232
4425
15191
2301
16521
27801
5059
29159
7041
21966
14343
31407
24752
9966
9444
19614
30092
19361
818
27073
7740
22664
12766
7905
30645
11471
12591
20917
23843
20998
21325
32599
15498
3628
22019
32501
7853
23565
18884
23753
26159
15823
27116
24907
2552
7623
19017
6309
20186
12689
32218
28263
17524
4959
6870
12668
2391
1425
16368
5213
6760
5254
32474
32132
12678
2738
20488
15396
30572
27377
29622
29975
3288
25883
25644
23575
12013
30937
15681
3378
31445
15031
15646
6776
5292
28538
16964
8695
13721
29107
27345
32745
25918
5524
14590
28971
25171
32515
24813
14833
32397
7661
9122
9401
29125
17629
23375
28029
26710
3533
7380
27949
20679
316
4742
6492
11434
13184
29743
11322
26819
19550
16471
2242
109
11480
6850
12084
28730
10054
29754
21958
15322
32168
24463
31126
2878
6715
14299
31716
8956
13898
31754
8062
15350
25415
922
31355
32311
10778
28832
12332
8989
13497
780
1872
701
13817
12589
12423
4227
932
10616
20746
2841
5835
8581
9624
25482
26205
5722
20916
8104
20473
25068
12045
15275
769
18915
12606
20250
8688
27550
12727
30959
3565
10615
14331
22262
4256
32072
4621
3190
22596
21550
20772
7187
31229
22412
32422
6387
28268
18259
7508
29472
15489
18817
19138
25389
18065
21224
5387
14621
28073
3377
22722
4736
32545
24096
15148
15327
8308
29722
5292
16730
11599
31716
24446
29328
15335
25517
32424
23999
15248
20303
28974
1580
24972
8658
17798
22982
22560
16433
24907
10758
25581
29025
28982
11289
29566
32656
5449
17473
19742
32427
7501
8313
20204
23586
27007
26200
30001
7151
17287
30775
6896
26325
17321
5526
10431
19941
5695
23228
9686
26439
13671
25502
24422
10295
27385
5634
6700
8270
11964
22244
581
31235
13529
12057
19780
25713
16527
9010
17026
19035
3881
17059
7605
31341
28461
12837
32708
9412
22487
13656
25050
20913
5317
31661
16058
13754
23028
13443
26194
1762
21483
11920
12178
14123
2102
1667
31870
14424
6678
10471
17538
11511
18295
11083
6406
10911
12834
16544
22595
29047
18740
19682
597
15607
26319
23547
25745
4595
30223
32740
3864
11733
13632
23053
18604
31530
26702
21503
29891
12128
3964
19264
8154
30157
30297
13430
9740
19444
12017
31184
10211
29444
19776
6306
16750
6818
30444
16975
14228
10472
6963
1132
4007
17326
26401
15394
17725
32520
18951
22740
4667
21775
7722
12802
32050
19173
18872
29806
8687
26355
27648
27261
26701
23669
27361
9183
7502
4153
29827
16498
8810
23203
18758
25188
10023
10997
25080
2969
8426
28621
17995
27212
29965
26864
10118
22776
2353
17989
4986
5497
11734
14373
21432
29550
5929
21714
19713
3555
22556
30532
29438
15405
5052
31532
9265
19988
22720
31283
556
21304
23389
28290
6657
29101
354
24200
28921
4073
29824
30199
18825
21984
12009
12304
13441
18797
13854
30497
17031
2548
30721
23884
27076
28486
32306
21129
29661
4036
27544
31726
2085
29128
30782
4143
9745
27712
24417
23905
9196
31388
29639
23555
1483
2027
20050
29502
16580
30016
19156
21100
15963
24411
18213
984
13373
26501
22643
7364
9265
956
27354
11953
6219
6672
32564
24026
28514
27469
31539
16642
19909
4314
16301
28271
1578
4577
31030
23095
3815
21424
24308
27066
22373
26976
21423
24688
4561
1716
7464
2533
17684
6723
9644
17665
15110
21210
31720
21645
7902
5148
1279
6387
24558
7787
5338
5957
11405
28172
24768
29057
6484
5509
38
13332
18573
5962
28616
7324
9704
665
19192
15858
2672
22435
12086
9576
23742
30444
32258
25935
364
8180
28910
10429
12237
17175
13303
13453
32475
10930
31253
31142
15985
16263
16401
7297
28859
27747
12695
5605
30698
25854
25740
20725
19500
21538
24225
27245
19931
13583
6441
29993
2036
23583
30504
26599
30412
29350
25004
6221
9982
27164
32352
26414
16552
10878
13406
521
21207
32753
29509
24018
29503
2985
28811
20213
1584
15369
20245
25241
17093
4107
25861
23841
18271
10723
5076
505
21073
29919
26272
2191
29405
25234
27335
25247
18016
817
30388
14260
5577
32061
21241
14828
26447
10338
31134
14331
22628
20384
24505
4210
21476
24232
32063
27202
30867
32393
1818
22139
17350
25995
3964
16218
21600
24155
114
18563
23040
19049
9404
1163
1145
9103
13020
9145
1923
16627
3693
14
1712
25390
13238
10882
32161
19374
383
23953
30841
25432
21795
30966
12434
13426
11495
27319
24943
15297
17546
10593
27122
21742
24606
9109
3535
17967
14614
18627
27457
12067
16799
3894
30972
24317
12852
6993
8290
21988
5484
27672
18425
30106
17943
12530
25117
9564
5002
11436
21490
27914
55
18882
18589
19336
20097
17370
17588
19556
20430
2706
3570
8377
10717
16763
15152
16211
1626
357
144
20499
24751
16094
3068
26261
26142
31221
1487
20497
7180
6980
2513
30847
16544
8749
11369
11007
6541
2147
24590
12663
9516
32428
20223
6014
25038
26342
32052
5241
8016
12104
18068
24835
3824
29419
3432
31635
1374
905
11536
8280
8983
16516
1268
30824
22254
24362
12222
17434
28395
2103
15047
1200
11097
28315
29134
26938
2075
17278
4848
695
12351
11138
32468
892
20438
6472
14631
3546
14338
12597
19784
22011
2384
6774
27460
6925
22600
24897
20740
15266
67
20062
21445
26967
6269
22503
7625
16308
16235
3916
29772
16980
12367
12441
6586
1606
22281
14076
8223
2738
22064
6786
16351
1216
13153
6945
1703
8885
7639
15611
29347
2656
828
23009
19954
5812
26303
27670
24151
6326
11879
30294
15665
8090
23207
11543
27565
3112
23602
17679
30522
29541
31760
2806
16957
5232
2546
10381
17670
26026
17603
15071
23299
32025
12671
7623
28724
22543
21576
4274
8927
17926
32695
6310
11653
31439
11888
17284
11540
3052
6905
12426
5982
23866
2508
539
30154
16595
31146
7363
14410
20018
11827
22390
13453
13464
18612
280
9589
3247
25408
24387
16075
28013
25090
2628
10546
18492
28369
19046
31321
20568
21253
23156
32117
29048
9097
13177
24559
6576
29490
17866
5721
23190
32591
17222
3495
9636
2690
24285
31900
10205
22990
9551
27010
2227
2032
21302
14366
4137
8947
19527
21475
30773
18431
6101
19046
28008
12658
1686
27154
720
27441
26026
14621
7454
8513
25305
22714
6404
15505
1565
10385
12513
16922
25696
15980
26016
10282
28550
1587
28381
5629
1966
7706
30282
16782
12725
17177
8786
24492
5884
24989
13308
23120
12908
7805
15377
16686
20151
27695
11137
10378
14816
60
17155
27213
20989
15601
9724
32088
20284
25431
5282
22296
28452
8550
4449
2907
25885
20598
30078
7778
13363
30710
14586
15671
22039
26720
29113
20545
21350
620
19939
7189
12590
32389
3467
25743
22447
18553
16270
17954
22110
17268
17854
14700
10544
2607
25664
29965
25364
32613
24627
8634
25025
17031
29074
5261
28339
23728
3164
927
29040
14811
17650
26841
5904
16980
21440
1799
4860
10348
31775
17710
23798
15985
23162
21536
4186
26845
23984
21069
20643
206
28602
25052
22320
15030
4494
25851
3657
25940
28227
21619
23901
5347
10613
25727
2701
3729
27883
27614
21871
2098
31095
16679
12043
4150
16158
605
13098
12760
16505
31427
18129
10649
17755
6897
8
15853
8373
14120
15071
4148
3510
32739
32691
31211
26678
26798
7854
18980
17492
28987
9357
30515
10590
1203
3238
6315
29682
25418
21545
15753
9059
18966
21158
29358
5726
19745
31695
3475
31438
6077
28288
3896
29948
1815
29948
13149
16891
21263
23162
32757
22851
14663
14816
26840
20892
24186
10702
23480
3390
23056
27102
18518
28982
8175
29994
30965
11275
15507
7695
20239
20386
5985
5937
14408
16991
12088
3519
28576
19341
1354
14585
24300
16128
10794
751
13447
3064
8485
11915
325
13129
3542
7889
29352
26809
24565
9062
32087
25514
29040
28239
3019
8953
19133
5884
1356
10277
366
20101
16668
28084
25862
10547
14834
7378
28171
8514
5545
17980
9052
14053
21818
8796
27077
20875
16616
7349
29137
18017
25786
11906
14303
10264
12590
19610
19064
17384
5164
27799
19168
28629
7737
25911
23531
3633
2029
11779
29458
27234
11175
16942
16326
21221
18303
10943
7429
5267
7036
29683
16682
15139
14344
4572
8201
15089
4256
30799
13115
26621
9936
27133
7351
24119
24927
17120
22434
16122
25543
16857
27497
26582
31207
5527
21772
1682
27644
12474
6845
11889
20174
10552
15785
21173
9255
9984
32278
19042
24457
9694
9646
16708
8992
3743
19482
14899
18678
27509
18899
1686
3174
15261
19765
22310
26579
10814
17878
18933
31386
11413
6677
6574
2884
19279
23286
21022
31233
6966
27181
11763
14162
10512
18040
452
4869
23748
29234
22610
30566
6079
10278
9230
25780
4758
21153
10715
16594
15853
30923
2324
20287
10903
5686
1233
25928
15615
4280
29286
11900
12230
16502
28973
5473
10669
15938
20358
9317
27318
27687
16667
29463
21638
27713
19049
29591
21006
31186
1404
13387
25194
22675
9209
27092
19209
20040
21090
21825
13583
23191
24726
23170
14839
8474
21399
23327
9085
14771
17552
10538
25275
23328
12567
9842
658
5071
8367
25593
6475
1267
17297
21928
32126
21463
28332
28226
16947
17778
6378
14231
15944
14397
15797
15098
8979
28737
18618
19956
26183
26996
28396
5946
796
9285
6348
24541
22186
8310
16872
1217
7062
31274
29090
7248
18673
23871
12595
9327
22621
17117
8944
19633
14194
11599
7883
12491
26720
22034
30748
5961
5589
556
20642
2175
7713
28863
7364
20929
22936
6110
15645
18647
8247
9119
20792
25515
21131
27506
10136
30789
27087
20913
28412
14585
21333
16760
3297
16607
6951
16054
15687
17540
10733
15492
24504
15071
6673
11702
5511
4743
26658
944
5462
18211
630
3964
22490
27425
31764
31001
483
31147
26320
16661
12182
1238
6328
94
1277
5149
24751
23125
10179
18191
28248
21796
1592
4164
28982
3153
3995
7317
13073
29076
16793
14988
12699
4070
12049
22042
31571
1243
25626
23688
21418
9265
19271
7344
25188
31145
30762
30573
29250
7445
31510
29776
734
3251
8745
3733
12758
441
19338
20053
16172
29489
11504
509
12525
15111
13412
11262
23057
4449
26183
30918
18595
21038
23702
20720
24354
16642
19309
23479
7462
16161
11978
1457
23366
10202
1428
24506
32314
18198
15836
27181
25917
7728
13922
8283
6069
27399
31067
22581
30230
9554
5233
19020
29188
26164
12812
22012
4536
28177
22480
21987
17060
15519
28263
6296
16218
28480
30336
20890
3242
22927
3863
5767
21002
3128
12535
15503
4412
15886
17278
10791
298
19287
28321
28930
4117
16234
20015
17469
20718
7293
27226
7898
22532
21944
6515
11887
19168
12174
12021
22047
10093
31308
7109
24010
1629
23282
25528
8577
23751
5699
3158
21821
277
4632
26846
12496
30493
249
26506
6171
18318
27630
17427
4994
26254
3731
17272
11421
28065
14699
23804
816
11469
11894
29805
11870
22268
11270
2476
15897
19873
6606
362
28893
20382
3132
27440
29086
3942
4617
26786
12799
29790
14
6660
13508
2954
12121
13309
23690
27493
24960
8859
4789
3856
16181
23960
23211
27823
9499
20956
9536
19217
13016
1090
30832
6799
20588
20895
16212
21814
7617
28673
22095
10792
130
5428
10121
30783
17457
26251
27550
23540
116
5596
25239
21631
14768
20429
6425
17472
28633
24398
3548
20574
3977
10855
19295
25518
31055
27700
18906
22742
4937
20526
11637
4018
6389
21163
13495
29174
7492
2729
27457
11029
29424
16583
29884
5986
28432
30612
1040
11893
14826
18700
21206
27857
8712
15712
11537
196
9614
32502
25880
16014
9674
4017
17367
8133
30989
25458
18743
20983
20153
991
20699
6290
6556
8547
28429
1537
29820
13685
6648
20504
13555
6686
29463
17330
8318
15029
17645
7064
30672
16878
2295
16037
19564
26899
2527
10536
21618
19600
30194
1418
12473
27061
30164
14385
22815
10680
7026
25251
8989
7673
15673
8687
5791
20874
4486
3145
1298
21487
7773
12788
5822
24866
20829
9573
16982
19163
21491
20133
25293
1805
28623
3575
24428
1972
6036
29115
6690
16334
26580
914
6171
31143
13371
28867
6291
25178
29962
4573
3565
28309
10439
5534
11519
31900
32307
21268
1713
22417
23165
1794
24518
32754
4021
133
15097
23907
22403
247
18764
15790
26137
21268
13469
17672
10598
23899
30842
13206
2189
13239
15670
9263
14229
27743
26940
10340
29538
15355
23716
26045
14820
7432
2820
6214
21134
1661
26505
7754
15114
30127
22342
29023
19499
20338
7627
12450
11043
23681
30714
8260
23286
25888
22806
16966
558
12287
32285
27776
14545
26722
19288
32744
29328
12159
10288
9489
22849
23847
19779
12786
11151
13225
14519
7401
29680
2804
15566
8448
11224
14075
23739
30574
7981
11614
27573
19041
9210
11846
8777
17658
31335
29840
7668
25753
26857
12591
32497
28508
26806
21963
6224
13282
30332
29358
26184
30293
23378
11233
16078
11943
495
2450
28774
31771
11289
10169
17210
29192
7265
2300
4201
8666
2062
4303
25505
1625
25943
26847
23280
13358
27093
21937
14551
29602
19767
16006
23713
10154
9272
27779
5362
9761
26574
17678
163
25940
31908
891
29133
8899
20171
13800
1828
26406
21933
357
28551
2991
5186
29017
3029
9359
27014
22049
25345
29883
17706
30457
7273
20208
5257
6944
29795
2036
31711
11831
24345
24096
12213
1002
19864
31259
672
32467
18723
27880
31531
7835
22733
20259
1554
14691
25927
25991
6321
25698
3830
28340
22459
20431
10824
32303
5679
6657
22089
2219
16520
24021
24945
1415
2101
80
28864
18839
25416
389
7438
32551
13426
21689
31388
24381
12079
966
16110
4127
19518
8637
30941
19733
25172
20687
3816
15216
14097
24430
30667
4299
7219
16559
24915
28305
27914
25587
14704
5824
44
12230
19852
24044
24937
9223
29723
32390
26625
26442
29811
12638
32021
17274
8414
12135
9820
21955
22254
186
10519
30126
23057
15582
22855
6030
15461
8263
26909
11804
18894
6940
19634
20318
10565
15678
1528
8397
10355
9093
27889
20150
25982
19021
18462
4833
19235
26929
18747
3697
4869
15382
16937
31499
16964
23916
9772
30522
21586
5552
11094
29202
2050
17461
8259
31252
738
17701
18951
29522
16075
30914
24165
30932
30134
20466
28226
27961
32721
507
21592
32417
22483
20363
31791
8651
14732
30459
5449
18555
3776
15828
1693
22303
7733
13203
13896
7601
12555
4521
31102
22495
8780
23750
16582
30826
3268
11095
21607
17356
2835
13646
13597
32285
15872
4385
29969
12343
3344
16917
7432
18457
21848
31676
29147
6281
31375
16060
11815
31742
3687
13011
1093
7868
541
25112
31869
13377
5711
14724
886
7136
32015
29360
15601
14508
25141
19168
28343
151
19961
11073
6096
1755
5569
9839
2038
1433
20279
28474
2890
10944
31135
11434
32325
11313
20840
20289
24048
26401
512
19327
10328
3774
10733
23980
8508
11797
25882
15057
20234
307
20846
21256
17418
27018
16803
2293
2008
407
4694
661
13591
5058
21850
30518
8036
30854
18258
7879
5513
8145
17279
9810
5107
18862
10710
19911
31591
12833
27478
4859
8176
13394
12440
3568
17436
10478
20136
25175
21607
971
32275
27219
30456
29899
2113
32384
17291
4098
24325
32564
14255
16667
21107
773
15153
3575
22770
20107
18648
27800
7570
31079
3922
12350
18591
25731
7791
20943
13942
26012
29837
6012
4247
19454
84
24482
31996
8847
27299
4846
22441
21263
15561
453
10885
3742
14073
12515
22376
8063
27384
22850
10357
2075
28441
7997
15018
4937
15723
17653
30389
14796
4913
23540
3081
285
25746
14864
8754
14188
14482
13714
13413
12513
321
27800
19292
27175
17458
7096
2401
13355
10031
18406
15528
19745
13611
16280
27617
2761
28536
14120
4366
31216
32571
1145
30354
5945
6940
15837
27275
1309
30018
16438
15458
25393
17790
24668
14497
10919
17350
19391
5892
13336
9958
23630
3794
19073
31602
25495
1389
28555
26367
12591
2856
13583
11154
22612
6746
20441
32601
30929
19633
18348
3225
3874
31432
26759
11752
4057
31227
22823
15004
21056
27770
31437
30595
3648
22428
30273
32725
29057
29814
6679
14950
4051
28333
28209
12064
13005
1416
8325
20657
19635
17225
12064
3713
4765
16062
29547
17127
470
6931
29358
20892
21635
14826
6098
2672
10629
21421
14955
9275
25504
27171
5878
25623
988
18754
7262
17612
811
2629
12998
12940
28493
19710
24450
12001
20209
7020
27238
28899
4381
11152
26692
21934
3023
29565
20144
13587
19941
17327
29958
28302
18490
23453
9903
17016
4626
11409
10911
19326
19640
16056
25634
11346
27237
27765
28889
17824
23652
26619
26623
2116
27764
16155
7921
14266
17774
20826
5870
12502
28455
27719
30747
2229
16792
524
15818
6131
4924
11842
30715
17950
9914
32010
17955
10603
7108
10329
28461
20136
26431
16275
15039
15730
5796
27996
28606
3240
25254
20395
7188
6944
21781
5663
2481
16536
1538
23191
1231
2799
13348
26621
22395
23445
15482
25442
7761
31040
13618
2896
23175
27104
12234
347
25901
10454
26229
20986
10162
3424
22720
11925
15787
30040
7029
3551
25552
2079
24511
9830
22599
9684
30096
30569
4134
22217
19776
21481
26163
20279
15479
9218
9966
23344
2636
20604
7633
18134
1710
3230
2006
5835
12547
29250
3898
9448
12816
9263
13440
30002
11545
27298
18618
22281
11337
32302
23812
9891
11348
29894
19281
17081
2906
1305
15466
2688
24335
5150
20275
30683
30233
16623
17712
10703
2233
25306
22601
29495
23726
11701
7626
16825
24662
28787
6830
28920
279
8693
27933
24075
16637
12322
12083
20271
20388
17722
30467
952
10841
30567
6108
78
1916
5782
2251
27477
4392
3204
5216
3501
13079
796
13749
19356
32703
17664
18093
10760
28865
3174
25466
13290
1668
13349
10082
21503
2845
32527
9922
30401
31859
27010
19027
2197
24992
14650
28588
9286
3994
16233
29448
1458
8466
266
1610
5315
9628
14706
31038
7329
19473
27432
22306
806
3121
29430
32101
5267
5005
20800
4014
14209
31141
7573
27936
7450
32589
22660
2781
16776
23893
4017
22472
20654
26216
2088
3472
17174
53
25328
4842
18219
14285
28644
21277
19113
30028
8894
11972
14417
4796
24181
27087
15841
23094
2761
15052
11843
12106
10267
24421
21509
26530
21891
23081
18441
5857
32029
15759
8318
20945
6819
10295
3086
11454
20545
22132
11609
31005
15780
27912
19107
1650
19797
24878
9673
27248
27717
8670
4218
5217
24489
26188
4259
12232
11527
17842
10539
6725
18577
31823
6881
28858
32179
431
12723
30636
17896
21550
29216
25324
465
7608
15088
16502
18568
5586
12066
2713
16690
17630
31782
9560
15059
3226
20556
19217
30311
6635
5501
11356
22318
9177
17449
18230
27975
7130
25216
14687
3712
13139
997
4608
29037
23132
23711
26257
32439
7108
15826
12026
19639
31316
3502
11512
31043
13144
4071
25283
21960
2652
4709
23790
6553
564
21052
21390
3719
10047
11486
26270
27570
20204
29072
31138
21151
28796
26394
29323
8842
31498
22979
24539
5629
19657
17788
18953
24225
12174
28764
13351
13141
32398
2380
4034
1149
22888
7940
10250
19100
2150
822
18482
8998
30207
28168
8474
12175
24993
30152
12844
27304
12206
11995
14724
26667
31429
2039
28499
12948
19010
13971
4229
15155
4616
18331
31905
4224
24446
10343
27377
20142
22487
15342
31460
32387
27543
20535
9136
22118
25426
2065
18235
4538
10679
3332
27708
21098
30414
7559
25501
16581
16510
19315
23845
23949
5202
32440
12115
14922
15997
4175
22157
3044
25115
4464
28538
19313
26297
4868
12460
22860
24344
349
10114
22119
19758
26661
15436
10210
26478
12948
16817
22748
17225
15334
4942
20105
2293
17421
1952
644
5229
7331
14628
14183
10169
8738
27324
23450
4719
21847
2901
3688
29306
10516
7367
31576
29210
22566
508
32698
10028
22406
30805
20096
30636
14548
16457
1615
10104
4352
14672
28118
29526
14155
29951
19039
23865
28782
1396
1187
3520
23064
2804
4067
28416
10910
17619
18228
25731
6382
10644
13595
17552
198
19026
31065
30381
5923
1375
16648
23395
17147
19498
1255
24897
28206
102
499
27428
25275
11368
8247
27573
2095
6865
15332
23090
5476
4462
1188
25714
2663
13148
26412
547
1722
20080
13584
19799
20412
6101
32476
17471
7013
7159
21600
22581
29494
26016
24395
28160
17264
8289
3068
13140
27269
14900
13460
28057
23756
18527
592
9709
12408
13212
30998
22124
9675
28534
24909
31919
32647
16630
1010
13714
16294
22655
27880
17979
7242
17143
10128
13912
16631
30247
10650
24487
12288
31845
24603
5820
22591
880
4831
20735
13065
21147
4608
27636
32353
27694
25015
31167
26476
24073
22643
14055
14630
1418
25384
3418
25426
19121
25578
18609
28087
5762
24250
24502
11145
2219
26784
30499
17190
12391
3322
429
24067
19618
7443
8513
5349
22366
7671
11662
27732
24661
18566
963
30028
31456
20424
922
26167
17175
24960
23957
16408
15930
5380
5767
21513
6736
15435
25687
15591
4365
19272
18433
8524
29177
18806
2269
20925
6095
437
29988
5925
19747
25684
2992
17794
25672
20335
29443
26335
1649
12667
24971
4738
32278
14879
23333
17510
154
3397
26591
18668
15146
11378
10242
4301
9960
2642
26960
339
26697
31896
8586
5321
15803
5
29237
24368
16780
709
6558
19251
775
10498
29980
9053
15072
16308
30869
15242
7890
20918
16195
20123
6278
4895
6584
25710
25527
5839
15648
21518
22420
584
30663
13862
24421
13248
3803
23484
26226
3700
10610
7451
15136
24894
27854
5393
11614
7018
11744
7259
27711
17350
23564
6494
26344
26104
2348
30744
13485
27156
13015
24149
18551
2670
12515
28710
29545
23469
27944
14479
31427
6945
18567
2688
17670
14167
20780
28166
25177
18154
11791
28099
29739
24987
25537
22684
14362
4004
22117
19377
14867
17226
11516
6290
29115
4274
31207
23472
20238
6133
19622
22289
31302
21878
4326
25928
19199
19572
24251
6309
15000
16347
8234
23209
21980
28000
12266
8124
29154
32460
21867
802
10289
9624
16920
24364
24104
5307
29658
13739
23454
19648
8413
31914
13509
28187
4246
9053
2900
1469
1541
25428
27365
2022
7991
12788
17563
27963
19984
26152
19977
9752
20039
26196
18255
22567
15538
29323
27782
6706
13252
24321
5727
8757
4436
21187
19974
6584
18847
24229
22605
3163
27537
124
31750
9395
14912
26254
1968
11092
32698
1863
23127
31791
32000
24878
29621
26143
6994
30487
20381
10430
17069
23705
4250
1149
31123
26306
15827
4340
12810
21770
6193
19830
26599
1670
19140
8169
29772
3934
31331
13780
14960
17025
30867
31674
4510
919
7595
7847
4225
30008
3637
19464
7582
22363
28566
9151
26914
10769
20466
4215
13278
26739
17738
31285
1936
28632
2023
1840
17508
26444
3068
24291
10170
15166
24199
9056
12330
377
18808
5351
709
22870
789
5047
13726
7215
27805
29732
9098
29206
9259
22762
11555
7879
28126
1985
2835
6876
14391
27698
5519
19776
16322
15528
9505
30950
5625
30154
28843
12987
3941
8200
3241
29657
23814
4980
28598
7165
21749
11732
8274
30779
11848
12021
28642
8688
13366
12098
26360
18937
13436
25748
18133
17442
11518
10572
17452
26337
31922
31136
24361
4933
7098
23346
31922
31017
7888
25319
9453
27565
2535
19702
2818
23015
13839
23359
16930
16341
20122
28127
17352
9110
10621
2561
11070
29402
32505
17142
19044
21656
17530
14729
31661
17151
11967
9612
21866
430
7995
7607
8779
17447
187
4531
17186
6273
22346
10865
24043
27230
1873
1216
32266
12829
6147
31263
2515
9297
29944
27599
12623
30065
29464
17453
14909
1489
7355
8767
19800
2512
2319
25485
10456
595
17081
50
23611
6515
447
27954
28997
14195
15525
30990
9798
25589
21718
22166
7579
18285
25158
18943
9847
24789
25174
11317
740
17315
19960
14450
20228
29176
23315
22544
28061
10010
27945
24732
7636
9764
31031
30763
7737
24828
24796
5105
260
2950
2238
17679
5534
28439
11818
18349
2916
4653
16378
2121
12711
2141
16060
4942
30967
32396
26640
8937
6561
22370
12626
16152
886
27644
21881
9220
31438
17633
31295
25232
1741
24376
12419
28466
5349
21048
21483
4866
30108
26847
3533
29456
5776
999
32592
8699
7608
22518
22222
28607
18924
23573
21629
27599
15528
31843
591
19812
4365
25866
8982
13844
25640
31091
7404
678
12919
19382
25298
7717
11945
10325
8599
2867
30118
2601
13308
6048
17359
2716
8725
28219
3975
8729
12274
31464
11506
19649
16255
21747
24316
26464
2473
9124
31134
22687
29378
12564
31069
23163
32295
7998
13331
30709
9504
29529
1777
4875
5383
27494
9669
1768
6317
20997
28537
14936
12537
17548
27612
13950
8402
8026
22182
5577
28735
1129
23478
24356
10957
12323
26781
8557
23858
4215
14176
25385
5679
21035
30330
14966
28347
22644
12833
8512
23901
21188
25290
22968
22746
25827
17647
30466
3600
5441
24080
24110
11554
30091
21240
21354
4565
14716
29505
26486
19258
12278
7706
22872
18062
21073
25672
16464
8542
24051
2923
4622
26350
11296
22147
22819
15580
15380
14258
12214
17153
9039
20292
21112
10904
22577
23532
24538
18594
2758
80
6013
10121
32739
456
11753
23555
8818
25699
2179
8505
16138
2092
30137
41
7619
11179
13696
1608
28232
30638
26112
20332
14893
30793
10381
26346
20867
10011
4826
17403
26026
27347
16489
25957
18023
12275
6214
20567
30006
32468
6901
30356
738
13034
19625
18387
27474
14154
4023
29286
25510
27753
841
5915
20099
6951
14935
29792
19114
6412
24275
19626
4048
465
5412
3095
3498
10786
13270
29010
327
12194
9104
15799
29858
18992
31558
12471
23672
17001
11439
21118
18519
12653
21754
20948
22776
28134
1469
31041
28878
19015
6702
32629
21215
2130
27797
14054
9171
9693
1
24763
330
26325
29242
9961
9075
16515
18936
412
15579
2574
30034
3032
3202
5698
3193
2912
22068
6799
11430
12247
13590
1877
32593
19749
31872
13663
16804
5404
6922
3245
24623
5212
13290
2166
31453
30323
25213
15469
25895
21833
23587
16196
30343
6076
25680
7790
16176
9095
18144
16170
29948
26216
19627
20669
11430
31362
24154
13310
13113
27136
18809
31768
7112
22011
23501
27788
21856
1181
18663
6261
23867
6791
3577
1808
24886
881
18409
379
26245
19984
12196
28093
18598
32573
12469
23303
9363
8275
19990
9018
1084
3289
18757
17832
24116
17249
16283
24351
15787
15791
12762
25380
9884
5150
10757
31356
2631
28736
29556
10993
24546
4805
6439
11346
13708
28830
7771
3772
19842
11106
9563
5656
7061
26864
30873
28389
14044
20054
10749
8248
5030
8689
15485
24320
6578
22742
3054
9871
27299
4977
26393
14934
27822
19820
4114
29936
28054
17618
5829
2147
29146
23669
16850
5026
1069
32141
31131
12630
6438
15521
27034
25565
23353
17835
19449
659
29414
21367
4956
3153
7984
13900
26370
820
12881
11726
9484
13728
18092
6691
24348
6276
16387
18517
1314
5855
27882
24055
12915
31363
23675
10252
20764
21017
15436
20772
1909
30821
21150
17096
9209
8395
26839
13848
31572
3346
14899
14259
27838
20585
15030
8919
136
17319
19045
22474
21748
3799
10421
12664
19786
27636
15428
32349
14120
1777
711
165
23066
7932
15683
14738
9578
19716
11393
1055
28730
4985
29116
17123
32719
6995
26524
9527
18480
16981
1896
18331
6896
24211
11895
13142
14408
23346
22503
349
30313
4719
7826
9334
29455
2274
6974
7837
858
28164
29460
9639
21978
1520
10836
31525
31464
24678
3910
31627
18237
277
20852
10386
17597
23834
6422
13018
9620
20932
13006
18132
28036
30874
9109
8415
17789
31903
14581
11441
11631
21716
27002
13305
92
2047
6499
24642
32433
23979
6044
5147
21206
8304
26353
24437
17412
21876
10108
4940
2903
3378
13407
14474
32548
12666
18873
28200
2188
29881
18130
29334
5969
18043
24729
23645
2025
28974
22609
17923
12241
17705
2695
28974
1060
29933
27207
9485
3692
1706
15503
19444
9144
32517
10244
5190
4591
10520
27876
6296
14179
8122
22844
21267
14505
31745
19803
24602
18601
19718
25734
21549
14065
15592
5613
10510
14415
1812
25054
1570
7582
9155
24377
26649
27872
19652
15652
27602
4237
16251
3327
16504
4395
24618
26779
1266
3359
8815
18598
5242
25283
23310
8042
1675
16568
24305
3000
26113
4222
4973
14366
25468
28481
21447
14944
1797
10486
20471
1830
9460
27047
18603
19955
6672
6411
19599
20822
4857
5210
23244
3940
25283
14943
3790
20069
11492
32207
14667
25038
26192
29145
2689
15216
29154
1278
12735
7406
23550
24099
5670
32116
31093
4069
3249
30630
28072
5676
12147
21463
23537
20995
14880
636
18494
30631
4047
6880
27391
8925
19966
12825
31811
1417
4311
7738
14877
25725
19634
31178
11853
22159
24794
31605
30492
31214
18324
30210
6024
5046
1885
5253
4769
19905
18804
9942
22067
1729
14744
4673
14501
26763
4883
14975
3617
14518
32503
30437
6390
5989
10152
26588
22842
8289
9626
16529
32691
8811
10588
22766
2040
24784
1750
7112
15827
4925
1487
9562
12778
6101
7090
9714
24990
2945
29329
23786
5684
15495
24938
16346
16178
11103
14761
8716
19468
3522
3567
28720
18688
2051
22034
21585
17215
4258
5221
22024
14413
12831
24633
19184
5290
7948
31139
11097
1458
19558
19072
8001
8898
1573
30903
22400
12700
12818
28094
1858
2573
13529
30560
4538
23757
11615
26045
16405
24998
31317
19090
5037
12504
15886
15802
2176
19389
21645
19189
23520
6313
28643
27881
11116
22036
20152
14694
62
18683
16679
8942
6758
10883
28623
29557
4247
6368
6438
25701
6177
3957
14609
30693
2335
10812
20146
30555
29426
14441
13441
15151
21742
25162
16031
8147
20306
26226
4967
19456
24702
12822
29253
11330
608
22711
23755
18358
15408
12033
22017
21010
31837
3316
11261
7911
20167
31553
32692
23075
17198
20471
32528
10714
6122
32350
1347
7494
31965
7715
5466
3340
679
28086
25365
20672
2584
21489
24054
28076
18411
9466
29336
8909
12465
11882
30274
30239
24843
20143
28860
10011
22044
7087
14433
10877
2622
23725
5238
4938
18932
23409
22970
3346
21793
20643
13630
19314
8311
28537
6519
4830
19249
21650
402
16029
7429
23585
32519
26645
8276
9037
17777
4937
11429
14552
10397
1184
30033
16639
16609
9192
28799
4258
10671
4250
10835
933
3689
19296
22627
4758
31095
6356
16747
27536
6552
395
19777
4703
29045
4946
20747
19428
9596
18359
27567
22715
23531
13260
1675
17180
25387
25895
20071
17407
4704
4141
14503
900
6206
29585
26821
14481
11294
5399
2559
27581
21841
15262
29005
24941
15540
19037
7062
28476
15492
24941
23587
16545
8820
26503
20308
20172
22525
24848
26002
4048
25846
14418
6788
8455
100
23309
11398
28850
9107
20782
26711
10977
21350
12510
23825
28051
5099
5054
3167
2077
14898
29041
27370
18896
4192
860
17684
9174
32767
5545
23529
8797
13976
27026
20050
248
30852
3292
8844
24129
5631
19105
985
21188
13950
6483
2166
28440
28227
10750
5068
25935
21038
31949
10474
24977
32214
7888
16691
22019
16344
29948
31572
15853
24687
14452
13946
7197
13893
2055
28097
14470
32137
13049
26607
24877
9538
8454
3938
12870
1763
31652
1607
10649
15391
31881
19213
2347
1790
1389
281
19739
49
25873
12732
14538
32675
28032
6498
16190
29520
16276
21772
19145
6234
28605
1024
10213
19033
26622
12734
5987
23795
11064
7223
19397
13230
23979
10810
21992
3073
14010
9775
17638
11697
16366
4359
32058
30043
1342
8563
2853
27980
6798
17236
29777
26777
6773
11123
19637
21613
579
21363
4792
13213
3907
29188
5785
30850
317
17241
28942
12551
26175
13787
19755
14593
21405
20255
2438
26303
12343
23829
29849
26082
29690
18307
10343
13423
170
5554
18787
30243
30686
31848
11405
4615
12876
2069
10462
20036
15430
14161
6118
24119
31621
6534
18868
5832
25126
17898
28662
15608
21234
16049
17505
8890
6882
5248
28243
1540
9186
24100
27575
26149
17622
22660
298
17241
21211
17108
30043
31899
22479
19212
7096
16314
4627
7833
29255
16303
8591
29522
22225
9518
1527
7341
5958
28027
21069
307
24925
11135
14760
1073
21883
24347
22835
14257
16598
22204
25464
27304
17114
20272
4319
26481
25036
17848
31089
30330
21165
12382
15330
31038
30817
4232
5583
12659
24080
5070
20804
2180
12493
14089
11137
27457
31861
8108
6398
3542
12250
8024
2732
11257
11297
5546
6270
6504
25449
9304
13608
13971
19118
27004
20263
7573
8940
13359
769
7017
23943
26458
17102
18779
8170
32457
5879
23228
10862
27265
23614
29402
9854
13396
8958
5936
8186
9138
5044
4569
11736
21442
31935
22603
3601
28593
28004
19009
14523
2379
533
23801
11890
15816
17907
1696
1533
7400
19857
32267
32047
1602
28411
8871
4362
28888
15095
8371
24875
20720
7050
9644
25186
4127
15294
14601
9376
19367
7331
3369
12310
19715
31636
23690
15771
28863
28091
10043
20046
28557
21720
25748
26237
15766
4413
32036
28614
29710
5405
8427
1660
30987
15623
19913
13901
22935
4526
6711
27169
2563
22251
6197
4932
127
3077
25731
19400
24040
16687
13844
30757
6369
26194
448
11299
24357
30477
1593
22266
8476
10235
21568
31415
31660
31028
10009
29409
29777
21014
8508
3677
15216
2629
16717
143
26856
1008
9038
28098
26347
15190
25108
5834
32524
28553
11511
26599
15768
18546
26062
28397
7978
7702
23323
31906
15482
17687
29314
30056
26742
1150
22400
5404
29844
6327
601
10813
3942
26589
11090
3153
29039
19257
32289
20868
19509
4613
8610
1939
12183
8565
26571
29672
22881
22008
14818
7943
8990
2491
5357
12072
557
25710
10859
22053
19991
22604
31041
22167
16672
28757
29431
25660
26396
21470
292
25501
28292
9036
32551
19693
4041
4637
31768
13875
32488
25128
22783
18604
6975
9253
5955
9578
20895
24943
27493
32066
25762
4873
26605
24549
3903
2527
21669
1613
13723
11343
1542
7259
6178
11496
18672
19902
15575
7794
13982
6678
744
2350
1240
13401
5254
25951
9834
29046
10995
7944
20438
2617
22749
1784
13382
13423
20202
21764
3780
22346
20116
8084
19373
24327
16183
27745
26211
29645
6504
15996
20291
6105
7305
17811
28119
28888
666
4720
4940
16532
9810
29890
28966
20691
20335
26144
26674
22140
6474
9803
17340
4092
10158
27827
13571
8936
7658
21309
8938
31972
3109
24132
8688
15299
18162
17886
10338
24816
23845
25696
21200
21516
8164
28196
19645
30936
28929
22153
12698
23638
19335
1596
31222
15659
14994
18102
18671
29512
12900
1798
11756
31433
32694
24017
11918
9757
16716
27799
11491
15208
8140
2103
32221
293
14288
19126
17411
32272
27194
29244
25191
28739
1736
12639
7128
16287
1256
21668
12888
28525
16077
24899
6865
21317
25282
4395
6403
2863
3774
20550
22465
2825
19001
7934
20829
12585
21055
32256
7265
12355
27587
18240
28799
20620
12341
6205
30667
19487
2135
12678
16424
19104
18764
28541
24832
16416
10225
16475
10553
13121
30321
15220
26980
11931
24596
15805
11831
24926
5976
12171
32573
13112
10819
22429
30156
20345
28919
24413
16440
27509
19079
27747
25926
19497
7177
29499
23523
20258
17901
10088
19222
31387
909
11432
1588
22758
26884
28026
6483
8973
29508
15070
31232
32440
24163
6492
12341
21329
13878
24391
2949
31335
21793
2115
14490
20304
17709
25093
19169
25107
14171
30298
3716
20869
1337
22123
13977
4273
28850
11071
15257
7037
5674
12161
32275
24203
17611
30340
417
22110
12569
9348
21532
10686
13773
31791
29964
17245
5856
25955
20834
11962
31462
20794
10090
15430
3741
8004
26363
12486
1734
26643
25073
1016
29747
20733
24796
29305
7714
19741
28666
26342
22217
28571
30819
32321
32306
13101
31108
11159
10057
23262
30414
16096
4916
20495
28079
21287
30434
8635
26562
26603
16103
2303
32067
10692
17799
5849
23493
11850
12048
28464
9511
10034
24686
13588
15044
20666
17401
3144
18666
8008
20625
21501
9870
28749
1773
32481
23869
17008
22832
11352
27990
14569
12477
26377
8823
28202
1613
11421
3125
22981
16447
8899
28432
19850
19247
7544
16805
19951
8393
23173
2598
18870
12511
5705
12296
29897
24762
23992
5627
19049
5294
16804
4127
31367
30705
20284
2677
18034
30382
29138
29588
4275
7764
8673
16285
9269
22580
1358
6000
30378
12875
25838
2080
27177
10844
6985
18085
21020
12099
24733
23505
16217
19589
6182
19590
22415
13355
669
4645
15332
6865
31231
30537
17116
6650
6799
11446
2429
3238
32030
10892
8113
6695
26250
12737
21483
25392
4229
461
25101
1327
28567
5799
2442
26588
6758
753
20167
2322
13878
14959
27592
15071
3244
24766
13320
2007
11991
28739
28584
12717
18801
19809
29132
32260
3681
6639
28227
17794
22405
23785
21094
31014
26287
21093
9538
4572
26349
30665
13049
7759
4878
10300
1893
25343
9569
23898
31743
16531
29888
26668
23807
21616
25293
13911
27077
1930
32636
30611
13432
32634
1490
14175
9453
9682
5612
16116
8906
14765
20546
21367
10987
8074
13869
9330
21508
25434
29607
32389
1672
8407
30290
5721
27594
17944
30141
32726
22627
25698
20706
9622
13779
834
25843
21657
12139
10712
16726
12346
9834
4726
23790
8801
12646
15466
12444
7163
10989
20503
23301
14759
4973
2379
12694
8370
19025
7116
25286
10310
25197
17972
3483
8926
5532
1791
29296
23549
7079
10211
8437
7712
26729
4960
18295
21745
5425
10391
1890
8125
31080
351
29444
26664
13940
24214
6291
20768
15067
11957
15986
4623
172
25255
13488
4693
2843
1244
24530
22773
26475
18073
24786
9358
13585
30610
32359
16270
30998
7098
13191
25762
16573
4954
1834
18289
22374
2400
4434
5513
5042
7162
20808
921
32744
29540
14632
15074
24983
15103
4767
15080
25725
12450
8436
877
27816
15924
9285
6815
21467
20859
8724
17297
5683
26159
5890
30952
12810
30291
30169
32727
16156
17605
6096
10061
232
13843
523
1900
30810
11152
9314
21822
14502
5287
30051
7843
887
10864
3994
654
28745
2433
13328
14705
8979
7687
22033
502
22058
5653
5170
17904
15202
20027
17043
2961
30838
27739
27234
1757
17066
7352
25248
24414
23982
9552
26152
32282
454
17260
19181
30658
27944
1909
16003
26412
9381
8969
11233
19459
10124
23886
11877
16830
6860
8582
13848
8910
12120
23524
16692
27676
18384
6302
20195
29874
8541
6468
28490
19896
989
21584
5318
24227
15680
4862
2677
4521
27697
8542
13305
9336
24057
17575
31352
28967
929
27598
2791
17261
16983
20055
18825
3601
8980
28012
7858
5281
9595
11052
209
23911
14851
27717
24493
32665
10072
30661
21743
8656
24319
2349
15841
15547
1337
18631
8821
30229
12331
7738
3465
10196
8763
4444
14953
26532
957
11591
15254
8851
24527
6575
32454
8462
26753
24179
21035
1804
17978
1393
20216
9353
30295
3743
19746
10806
32020
27224
17507
5743
28336
28147
16005
28269
5068
30362
16093
6077
11541
11865
17174
26096
6690
10102
16688
12437
26527
16897
18119
1380
2220
4011
7577
19132
16256
10716
6467
26192
31058
11775
29259
15389
8569
21537
21091
6559
12242
21434
30188
24900
30306
2762
1722
2593
29244
6952
5143
18403
9125
29207
19466
28425
12663
28187
23001
26961
23491
5899
3532
20080
442
7270
12852
29958
16078
3562
12716
4049
25364
611
29343
11041
19181
8386
3082
7820
23013
16238
14211
18146
7387
3551
9339
7268
22371
31848
4288
31024
104
22100
19013
9216
29206
16949
32294
29460
20726
7289
30951
7021
28251
24638
15357
60
10750
4712
3215
5786
5861
25328
24445
12665
26505
30846
18082
18907
25911
6715
17238
5954
30391
11232
8759
3175
31276
12308
17450
3118
30267
17652
30876
27354
26223
20211
19726
3965
9948
17892
30160
18867
17155
22613
13324
12176
11254
22815
23815
6103
6589
11067
26276
1133
7159
8151
7466
4365
7620
31401
26182
14908
24803
4228
13652
4224
13336
13353
5338
11213
26833
25951
26965
29504
19464
30278
20793
3344
9835
6888
17971
2753
1979
5905
25521
9626
24946
32353
30372
8026
13480
15007
14980
6951
22327
19536
26517
711
5150
31112
30314
19474
11043
24321
15527
12967
29629
5994
18187
14815
10032
27905
5293
2815
5626
18788
6021
946
19566
22436
7727
2230
27295
3228
2796
28885
13183
2433
31722
7191
5960
3258
18629
2870
15643
25841
31053
2898
20455
6762
6538
18918
4749
17043
3837
25851
32578
12765
21289
19355
30260
32715
14162
649
16240
4424
5509
8495
25603
7486
4824
6872
8799
24420
22259
10271
513
27992
23759
25767
19025
25069
16574
29965
24778
21190
12204
18715
21082
17444
23460
20031
3084
3836
6550
9787
1764
27981
3159
13853
27402
8368
233
8562
28204
26417
24573
1463
28957
12893
22710
2576
8386
21660
10416
5949
7726
6337
9537
19401
29196
30688
27134
132
20285
24927
20609
28980
26819
18768
5482
23944
24286
28926
20132
13901
1908
7622
5866
10980
5558
12841
4745
10996
25857
23839
12647
12380
27394
21421
21060
25964
5406
18617
11072
31572
5393
5918
7069
17628
24789
20988
19143
26966
27077
12113
14481
17361
20226
206
8898
17040
3862
12003
25552
23227
31959
27165
12011
25683
31630
1713
19773
29291
18009
13913
16497
31638
18126
5214
28274
26268
16097
14326
14965
20337
18952
16593
12089
6247
31133
4591
7821
7074
4227
11956
23060
4300
8716
28222
26949
31499
6170
30966
24757
13104
25733
17509
16025
25138
25021
330
28806
32730
9905
12265
26236
10687
20975
20133
22307
26229
4108
22225
6484
10498
24902
31684
14043
10385
25192
24619
7292
24683
7406
13732
2868
19490
8810
31368
11968
13327
30502
18951
32100
7679
4107
29307
17637
13866
26561
17910
2263
17509
28440
22813
5663
408
23719
9274
28592
24945
8115
14988
30872
9306
31314
3042
32576
17833
1743
25704
3567
6679
11345
7872
9361
12916
18104
15444
16311
22169
1480
22507
20702
11421
18313
9851
3060
24652
29165
31294
11800
24276
4020
31752
8610
31426
13453
3800
9059
3117
27774
4525
19758
24881
14981
29595
10646
4768
27264
19997
13562
4339
14922
31149
28607
32135
7719
20626
26077
9222
9314
5114
20381
10274
15412
10056
12193
15242
25576
5551
4644
28694
573
5632
20867
31301
28428
192
1020
30698
28458
27774
30390
3874
10128
25699
23042
31113
19385
27915
737
20398
2892
19347
26054
10436
763
17140
11933
25242
13483
15247
6667
9677
19157
2313
29688
31292
11052
16984
24395
32700
7296
24606
19188
7949
994
5430
14384
18189
32009
5517
13832
2604
20980
16180
13851
12320
5585
22963
7838
4058
26398
24479
15777
17848
7438
1647
404
6652
25646
30859
6921
11133
3656
30118
27580
12956
6535
19790
26320
28794
13021
26561
18011
7784
14242
20739
14885
29087
31358
31277
29613
1842
20360
9480
13165
19520
9135
11738
15199
13934
9050
10112
19136
24724
13387
32189
1812
24503
18121
4562
30314
25656
16894
1359
28385
31562
3998
10024
8043
1193
2761
14091
5585
12426
22067
29425
26104
6605
23938
8948
22114
20602
1527
5984
13815
26731
21073
19724
16134
24646
32238
11243
11143
29871
21300
5086
24227
13243
16687
11212
18294
25767
29819
9973
24851
6090
30565
29827
29640
29384
7501
3426
31652
3337
15695
21586
22583
28777
34
15419
10649
4657
17727
10432
32430
22599
25414
15638
14503
32417
18334
3351
18380
28927
14684
25746
9593
27866
17255
6374
12135
32663
2521
6351
18477
13569
3752
11903
24839
2550
10629
10225
20693
30560
14084
22906
7271
10600
17150
11937
5111
14054
12852
15664
27127
27931
12084
3723
9998
930
24193
4929
8029
19620
7662
29921
19718
13644
21323
14863
13295
10874
3651
28886
12995
13756
389
21312
25914
26234
5922
6692
31643
23408
9270
29248
11135
97
32715
18311
7639
21514
250
23228
32304
19030
10323
21824
3894
7888
30848
20265
26743
11101
16932
31635
16746
5931
26377
28475
28080
29157
22651
13642
28313
3881
21743
9838
15850
13883
10473
13871
13790
31227
30492
10881
14954
19732
19410
29077
1989
9847
32654
2549
18984
18952
11504
12496
25299
2454
15834
19090
32336
4625
21457
14776
24571
6391
4006
6115
1730
32272
31829
1323
3882
13659
8493
437
30354
3400
32561
1416
9148
9511
32191
19100
22665
10209
2671
32052
28932
7910
28734
18030
5026
29030
10732
25881
14025
25540
13218
18630
8078
11080
8152
25378
15811
27156
29558
9091
2353
10073
3385
20672
17442
6090
7257
13638
18211
19025
27241
20840
14855
3329
31870
2039
24111
7757
20371
30995
19977
32375
13356
32576
21975
30027
3386
701
18866
8204
30271
5905
31950
7087
5298
5862
15871
8007
6309
12826
32124
6849
12453
8724
32740
11729
29922
30804
17022
2860
3472
15182
29893
7160
6284
17785
11044
30592
4675
6819
12030
813
17872
10119
4081
20146
2148
8097
23132
134
17387
27969
5918
26263
5356
26591
30881
32573
32689
17582
22808
3692
169
30067
28164
4911
31754
27032
21757
12625
20666
25980
23983
25437
4720
25614
13603
2250
12055
13978
22080
9327
883
22243
25489
24381
8966
8049
20040
9004
22325
24108
28291
25206
6567
29994
28879
24324
3566
32198
15594
1573
15977
8690
14798
13446
8296
8142
4842
30303
9106
11129
25267
6122
20612
8998
26203
6681
15035
18803
7904
24456
18868
31223
841
9649
7505
3098
10285
7775
4479
22570
116
15717
9494
4779
7009
3727
18433
29166
977
10201
21662
20965
9405
3039
14439
18997
22278
4245
4051
27277
31858
7736
14711
4406
19441
23172
9329
4076
13094
5160
24070
4845
28962
631
8842
32335
20083
11616
30080
13718
5725
4512
1283
390
13671
21814
23653
2102
8474
8215
10773
2918
27909
27940
7366
24850
12548
26457
7117
23112
9410
10055
24267
3126
5245
25796
10381
12167
4873
28897
10544
2544
3352
3100
19337
5637
8632
27863
29124
23890
25629
2569
25930
14503
27297
32308
32233
