3847
14926
14819
24923
14586
17913
10648
19543
29435
11097
12941
11384
28369
15212
28372
19550
16939
5237
9656
12278
5078
27226
662
16378
10547
11850
11759
20151
26601
22946
31930
23059
8151
24594
10751
11982
12621
3324
20129
20744
25467
20508
2940
19972
32553
15726
6575
23339
425
17484
13627
26196
31754
25047
5582
31554
29327
21145
27097
8814
20575
1897
2024
7431
17278
24974
18995
8760
5372
31271
18544
425
20845
30922
25580
20296
21913
15723
23002
31817
4980
24959
20459
363
9040
21602
3871
32382
30033
5878
24794
29474
14113
23182
16954
29905
16870
1802
25000
1568
9329
27715
6829
29505
7608
8873
25607
22477
7047
24362
25597
12736
4466
15958
7919
9670
15374
19137
29745
22709
9313
17065
23834
602
30614
24793
8791
7544
1781
11469
31621
22798
1043
5655
19712
11993
19782
24322
30709
17178
24156
6772
28863
29081
14733
16665
3952
11242
23725
8637
20141
3311
5799
12538
27840
17822
20774
31764
8936
18180
8853
17185
26355
19850
15434
32365
27407
12664
2302
21276
20446
8375
3969
15121
15560
9691
28075
25615
21141
8289
32662
2590
11323
4660
1802
20785
25076
26230
26425
25093
17044
5502
18605
20044
14106
18973
14718
11
1157
27686
7624
14401
24553
13357
1116
24777
2241
11406
13238
13697
23943
17330
816
2220
7810
21389
21621
9877
21216
17003
16695
7286
1028
8429
20773
26263
17185
26958
19479
18874
11528
17387
31884
23479
24638
29955
30295
32612
6482
22459
13717
22455
26989
2661
10722
30255
15147
12289
461
18543
6569
27396
19081
2349
28128
30041
14309
14410
9777
31142
10365
24130
31808
4560
14898
7879
19718
3777
729
24233
14114
28009
16688
249
29552
7426
6678
32622
7133
31385
13819
25095
21626
9674
21141
23026
2767
4811
7380
941
16241
32172
26393
5227
3543
8924
4003
30393
26217
24816
11081
6753
11994
10144
18543
31631
15544
22546
24115
9522
24129
31324
15335
12965
25977
27716
3268
5263
27001
27977
17372
7432
12810
11240
1105
5885
370
14360
22981
27861
12430
32535
21777
8788
20769
13416
24890
9664
19052
19485
25761
15427
9215
27218
633
3473
29390
27642
4222
4810
7303
27870
5348
27810
25891
28386
24718
25791
31420
1674
6529
7779
29598
12478
18840
14922
29344
13770
17785
29142
26037
15785
32711
28009
4798
31107
7322
23058
26274
1652
22828
621
15009
28047
7125
28356
997
25891
16441
20602
8538
14140
29632
15530
15296
29037
13894
31243
27647
16845
21268
26135
7098
9536
26127
13676
21542
19192
16688
4978
28445
20795
17972
25918
24174
16230
2197
13238
32120
24882
19384
246
8439
26422
12648
3315
22813
28845
11395
19806
6629
25210
3059
7372
15780
12137
12768
25875
5600
30136
19236
18679
32358
5590
6912
4358
9879
9834
12045
24512
1283
27031
3957
28923
10553
10110
16226
26758
24540
4613
8631
29709
23802
5591
5631
17468
24730
15533
24994
8487
2452
1227
14687
7658
19110
20941
32502
12172
13763
23203
1829
11050
4526
14555
31702
28497
28104
32030
11927
15531
10279
27902
28490
478
6631
19951
15134
7857
24005
24978
22462
25201
25833
30522
11976
18835
19972
13993
32128
16026
12955
2074
11462
25147
24227
15749
25925
7871
9805
24862
13294
2730
20003
19742
21157
24218
14676
28871
26937
625
21068
26274
23194
30134
24968
16396
29254
5945
18089
10736
1541
4086
18375
20182
24534
25916
27399
6685
1065
30223
3696
16516
10318
26570
12794
12784
27950
17929
10216
22633
12857
22981
8024
18533
5279
31681
15641
17993
28355
26149
14012
17709
27629
18793
9198
17119
1086
10357
31237
9515
29930
16391
26072
31834
2209
32084
30676
20217
17486
18418
22092
21212
19460
8949
27153
14178
5173
26969
14659
25849
13094
10656
25702
21989
26271
25787
31160
27710
8679
13358
4802
26936
14320
7024
28718
27048
30158
2192
2008
3011
16749
18462
14632
8744
4228
28745
7070
6177
19397
1861
7086
27429
29271
26864
22991
23970
4485
12212
32719
18170
25784
9391
105
9419
12706
31505
29977
20852
13501
23238
3631
981
12788
32342
18723
31830
32159
26633
24872
810
4533
29262
11779
7125
829
16221
25886
4587
27654
19484
28888
17179
7320
10815
21024
19053
10858
9652
16450
28872
11862
22846
31488
1719
18249
30304
741
2924
13631
17532
11222
17670
8303
6972
15850
11791
24770
23601
6268
23625
22922
12218
2942
17578
15729
2344
23311
165
20143
13855
8528
30891
28545
32063
628
6130
5846
4100
26391
28021
32075
21483
12497
24124
5721
18135
7434
19677
10701
690
18960
23107
8569
9303
4710
9134
24362
6576
12896
8699
11994
6939
27628
3622
10534
21523
7347
28429
6658
32524
31329
13430
16299
30878
26944
852
30173
3558
8460
5958
8519
2602
5123
23905
28476
18363
19515
11311
15787
18464
13112
15607
16209
6000
30654
19007
12333
32512
1508
30608
11828
19262
17770
26233
2631
10461
4684
7382
9570
23859
9111
8275
11798
24031
21628
27435
21049
2990
931
7734
14556
5312
31938
5154
22653
16870
8301
14848
32126
13135
15920
20739
5334
20580
21723
32133
3847
28400
11549
18251
28496
30084
596
28426
23331
32026
11684
15658
15833
13816
1862
11721
21669
5079
29219
7683
14022
1349
17826
24177
11777
14920
2494
20207
29519
15940
14683
26531
9171
26910
32474
21307
526
27554
7915
32373
22358
31522
1442
16613
2436
24672
10702
755
14574
28079
14982
1315
31381
8276
19204
11417
671
28978
28855
30940
21255
6311
1939
1754
17043
18865
4268
17708
28678
10325
24323
15772
30103
32577
1695
6116
28835
30896
16864
14777
12703
24206
16657
10248
10320
9692
6204
3456
24638
18775
16194
2640
8550
14164
22570
12594
2351
22255
12218
21928
12191
26724
11332
3973
11471
17597
7875
6064
4764
16558
10791
25125
11936
14013
13548
6460
10337
31909
6385
24110
20423
18429
1416
29397
12244
17941
18377
12467
14735
27425
27949
28982
6977
15513
29784
19258
6116
6879
53
18896
29401
20003
16712
62
17369
23172
2368
8007
18222
24439
15564
28588
32291
1645
6064
22002
13241
17584
30488
17254
14747
29838
7724
14431
29012
2490
10468
15299
30144
25839
8478
27596
30912
2774
27118
3084
10546
16938
30005
13487
13601
23834
30581
1793
15416
12783
3555
2864
18045
1774
2750
6994
4924
30080
23520
32681
21568
2192
16275
8230
10569
6709
15269
28461
28603
13457
2751
29080
14996
31225
29682
2046
1696
22613
16531
23861
32496
3018
17481
7701
25992
13463
11108
24191
29784
1085
880
20382
19054
17891
12810
11117
14697
17912
19955
31098
1841
23834
3683
4329
30693
8759
17568
31675
13333
2034
5070
8017
24370
26952
23305
20011
29250
18803
1457
9974
11992
19214
13829
25798
15940
8827
32244
1184
20743
1922
6703
25659
21130
27194
25475
15879
1295
28461
27238
9839
6631
30391
28880
28251
6629
13231
13900
3834
12820
5449
19022
702
14501
2107
22727
12200
32299
21279
9463
18117
16139
4633
9858
15609
18733
5561
31943
16635
10744
10531
11373
21153
30846
877
23358
24414
4083
26696
32313
2057
20068
15331
11746
29663
11173
3596
5341
21708
15500
24729
11451
230
30300
11526
15636
17722
18052
27999
20694
21964
21130
11360
5596
32473
29762
24796
23235
31583
17987
6235
7929
5344
21659
13575
26902
28770
17858
17097
22384
11450
4045
10159
7913
13834
3556
13201
27660
29321
2550
21236
23129
11394
3755
26926
30172
23968
5531
5579
31493
16232
26045
26928
18611
17671
13858
19582
14482
25166
26851
8377
20903
17403
29272
22826
2345
23866
16522
5377
1427
28267
14059
31807
6135
26918
4677
25555
24469
21884
18673
32003
19372
7296
15177
5134
28560
23559
18527
8720
23805
10155
6896
13861
30891
23318
17043
31185
32034
24957
27958
21664
8144
5738
21707
29449
3161
9151
13631
13464
10798
248
24236
17741
24673
30640
14287
26175
19384
20838
17596
10628
6912
4738
1488
9557
1443
26259
17128
25198
4221
8667
5840
2484
5356
31757
20223
5402
15910
26709
29569
1989
28880
11929
2868
29039
20684
10751
28727
16649
22866
20655
18592
10916
15170
26842
30573
9361
30136
3835
6590
16327
23777
29020
25665
24454
782
25820
29933
5178
14343
14065
27891
7586
4770
24809
26353
22577
14484
117
7529
6581
22662
14695
21875
16694
2668
25787
25006
32289
2578
12500
20860
4774
32759
5897
8303
5470
19551
19040
31230
30257
2212
921
25981
19063
13005
20079
28236
9309
14177
15386
7246
31114
19838
7960
20636
23811
22821
13357
23163
4172
18392
23721
22668
12241
7015
19945
14915
32388
5895
23072
30106
5318
17060
13912
17671
30347
14456
25011
427
21689
28893
4599
28108
32210
95
18761
901
16851
31766
31033
7100
19804
30771
22271
341
16400
21720
17668
17573
575
19757
30117
25386
7619
31920
11059
6009
7719
20172
14654
25975
15375
3246
11027
14028
22483
32084
13187
7061
1902
19430
18918
857
15255
10314
6240
575
16429
22003
8035
30334
7128
7417
12917
8724
4846
20847
12852
3259
20883
25841
10135
16921
293
13948
9334
16439
19671
5250
3405
10804
6555
9534
12349
4923
30022
10566
19795
30130
238
19551
29709
10932
23191
30868
23066
30146
18959
24458
3938
30901
13591
11790
13126
9207
7875
7664
3881
30451
13860
23060
14895
9418
14372
26822
10820
29000
10416
4174
22113
23062
10013
27076
19978
24625
25028
5670
27164
1434
27888
18856
31429
21328
251
8523
5844
31611
25523
30385
28723
27626
258
9776
20913
25791
30415
31525
10757
26473
6175
13963
18448
4563
11136
25548
11363
14811
26791
28630
5121
23814
31064
13938
8294
14450
390
31185
16584
7436
29372
30824
16540
21506
11963
5375
8028
10108
15717
17668
5512
25479
6617
14628
27371
25425
23264
29725
543
32412
14984
17357
15699
27501
16654
20623
8268
26628
5889
14024
21418
16657
17061
24253
28013
2085
21654
1704
8887
3687
18349
13066
18131
30600
6183
31042
15223
30969
22020
22623
13894
6491
13998
5171
32665
1079
27099
18088
3711
17903
13748
7000
9731
1012
7735
26967
22445
1338
7130
8019
3915
7913
9585
13792
3056
22870
4433
7181
27198
24881
4534
21051
9185
6400
20578
10031
10332
24267
28039
19301
29448
23065
26087
11943
16985
26140
9274
23519
21604
27689
16848
18218
19614
17003
14967
16941
9959
25303
6047
2732
23495
3682
22204
10072
6647
12402
3820
1769
14627
5779
6618
5485
18926
20588
17378
15328
26423
19441
18294
32252
11418
474
6080
10834
30266
18003
16008
20634
19902
4597
20825
29256
10394
22261
16863
8544
23440
13979
3476
394
26486
10998
4252
24425
825
30927
32748
21033
1826
32219
20146
6999
7512
12084
753
14582
23463
23562
15724
24015
10879
2198
30918
17416
7488
30032
17383
3576
8116
9826
31650
10554
7389
32604
18324
26624
754
18217
24143
17578
18596
10306
21688
920
22437
289
31917
10044
107
6393
5867
27251
23346
3236
23599
13589
14912
2013
8604
16074
4460
7855
7261
21536
30433
23341
2187
29147
8480
21348
14161
10893
1604
23438
18510
2662
138
10377
4666
27980
7184
30343
32461
31534
29149
2054
24028
16022
13346
4355
29638
2430
20415
25194
18190
7269
18185
27090
29001
17314
10699
22887
30523
24311
20107
3111
27709
1897
12558
31314
25825
18255
6686
21019
31961
6314
29834
2212
29717
7604
29551
30505
10028
18364
28086
22652
26365
24624
4830
15025
29590
10236
23803
14618
7765
274
25599
4726
22348
22090
30265
28517
10730
13677
6683
27935
27864
20364
23872
16486
10530
21399
5294
1209
31895
22315
29272
3019
31602
16810
5095
16691
21818
28049
28345
30309
16614
29702
15658
10977
29765
22193
20755
9386
10909
31693
28561
27898
32403
12415
6664
1332
6986
9574
26727
26650
2255
6515
22701
11072
6069
9979
14252
21696
12284
26378
1804
14640
1848
24315
1172
30161
494
27717
13989
23305
17474
8856
8711
23316
13775
20521
3305
20726
31959
7242
29474
13236
13468
29757
4029
2499
25357
14922
8117
12481
29093
27407
16893
19811
11665
11544
6339
30639
4881
32431
4086
30571
26656
30197
27910
9429
27223
18226
3051
16788
5135
1386
28008
24047
15558
20785
31377
7741
6340
27071
8587
29852
23549
21575
12179
8934
1082
3461
3137
6369
3700
31127
14862
694
7040
1549
16405
7077
18418
12867
24854
6390
15163
29167
17344
16691
12820
7670
28720
916
2080
26500
18101
9147
1228
347
21462
19873
28539
29547
9622
9681
12000
19619
1526
10708
30634
9992
16060
29932
20071
12804
19059
15621
24738
14080
5811
7144
31055
19509
15266
30898
5226
10686
19643
9604
21978
21746
9934
1405
26523
5618
24392
20197
796
27518
14517
15787
10726
28941
16515
18962
20863
27420
31241
14247
1678
28102
15048
4214
19263
20885
7152
24701
13545
27288
9510
17761
3311
13749
5252
9824
30948
28737
26593
10375
28146
19918
2899
13093
29564
16452
20723
6271
30978
1588
5600
14021
17221
29544
14471
9541
13484
10175
17441
16863
29927
10296
30076
12985
15314
3660
31999
12340
17308
16769
8681
11038
9768
28476
10969
9001
10675
13526
12179
16795
16568
12275
14337
3144
16656
26895
19576
17597
5726
19546
23357
18367
29610
9414
5960
244
18508
19806
13383
18143
31756
3289
9190
13074
13959
20335
14414
19102
13781
13035
20459
2767
30824
6402
28275
11798
15927
13283
26404
15687
9500
16655
31821
16644
25723
26219
6159
10105
27685
26003
613
12875
27260
6514
14434
202
32215
29200
18618
2670
5416
25258
22916
7553
17372
30216
15166
13849
3330
32011
11538
16713
27056
2950
13911
8344
3746
14158
14683
434
13605
19861
9056
24158
27443
29299
24036
14512
12000
24262
25894
26496
22773
12348
10213
1819
6874
32686
5227
25143
5049
12720
30410
26413
16608
13670
3174
32098
19815
9625
28851
20230
1299
9
18240
23298
28283
26373
18165
25387
20585
8506
2713
2748
9859
19401
19094
14595
18731
29340
25601
5210
19619
761
20693
10585
23413
19543
30079
4682
4114
881
26528
13021
4537
31642
4622
23582
30874
2640
23068
27811
15676
18707
10779
16650
14108
10616
1312
2211
28311
3961
2056
21097
17929
26127
31674
26167
15927
25091
23724
15928
23018
26368
31657
13472
25821
17134
7121
14745
8665
13179
12769
9600
9247
27130
10420
31570
22534
369
20234
12129
32485
6893
21129
17996
8755
5145
27649
24621
16877
3087
8436
1044
16952
10862
15958
16309
23624
23725
28817
28509
5760
32175
7372
16939
2011
7063
24429
20092
27274
20445
21468
19111
16863
23970
2442
15851
5993
2624
18995
15781
4961
25638
5472
2758
29764
27619
29999
9093
10690
21376
4182
7505
5847
18451
7526
23306
16184
31121
6989
29552
25584
21732
29471
23516
21323
9277
26390
11054
28659
2476
29399
2310
13145
2030
246
7479
12118
3462
6589
4984
21267
13839
28457
1885
30502
13776
27190
27782
29949
9105
7516
18199
19840
5293
16474
18535
8946
16233
6450
9213
2584
6020
30325
12472
30366
6415
7872
10829
18102
13695
22919
9975
12802
5889
29969
5481
8116
11789
28100
22280
10228
15678
6819
19031
17538
22369
789
22962
29852
972
16872
25152
22562
31985
6549
1827
1528
15666
7622
17649
8620
19959
5653
22888
29784
3326
32279
21341
3274
23539
18073
24310
10979
28225
15401
8729
31293
10535
14041
15652
24592
18958
30527
17375
24663
18202
21696
17071
24110
7679
8463
9228
15231
1302
25840
2612
7133
12976
23106
28961
20144
11946
18236
11449
9363
25153
7927
5958
13306
23080
2860
1061
20760
28376
17216
19138
15616
18216
21629
32196
20490
26909
16291
8836
9080
19715
3999
31940
32345
9916
19866
17054
2478
22873
30261
19642
4044
18663
21523
5828
19201
32395
25497
9245
1914
21202
9201
7377
7268
4674
31061
14026
82
20533
1162
16195
31967
23527
5034
22655
17812
3021
4135
16314
30220
21288
3597
12128
15189
21979
24711
12669
11418
28281
22437
30324
5887
23203
2908
1013
16589
401
22479
20521
26575
2286
28364
7471
32508
11241
8858
10444
28501
2185
19954
1118
24593
22336
32075
10514
18936
16580
15707
7255
23053
17946
13018
14483
26479
28403
24457
28180
129
12860
14451
4169
21321
19697
29042
818
29974
31538
8694
23829
19814
18328
9986
20595
10246
25801
26231
29242
12923
17738
22421
12348
26785
26005
29887
3040
13458
31852
31358
27927
17865
1388
6089
8594
25480
23013
29572
23603
15990
19433
11078
18625
1421
30627
12127
2015
16947
16106
8218
10047
16295
8982
4159
27155
415
28947
20700
30148
3632
29620
10821
14055
3821
8265
9818
4717
3411
29043
20488
14105
20069
25655
3091
9016
4499
19282
28434
12940
14048
27852
13499
18569
4164
7632
15456
27332
25167
20667
11962
24488
22544
18803
12518
9578
28213
27642
18605
21824
6515
22851
22024
18126
11305
20036
17891
2017
16192
31052
25122
31840
8789
14743
25314
14976
5914
32032
9473
30518
23545
12470
10720
5874
18939
30290
17511
13962
2537
5544
5962
16500
9393
23292
18571
25145
29450
22583
3649
30246
12379
15418
30871
13637
13529
13426
7447
17804
6896
3244
1833
30803
21477
299
4566
19724
28601
30456
3794
3118
7248
3706
24250
3698
8147
17478
24218
1090
21074
5176
20146
20846
23214
21187
5754
20770
12982
12421
2531
5653
13968
7199
5088
31490
17243
30275
27173
5980
10514
19471
11822
27710
29619
2969
8068
23969
20385
26315
17212
19409
3399
22641
9408
24866
2047
32656
5074
26590
29746
17657
973
15491
22720
32543
28718
12331
14242
2086
27220
28492
10702
31292
13444
16545
29274
1580
3632
12392
19685
6192
5497
31694
31539
16135
25074
20648
22039
2376
15527
13667
26006
19702
6494
11582
17481
3412
13596
27830
20995
29435
32235
12866
31156
2601
10203
5953
3725
15196
4935
27953
1125
12832
26713
31521
1884
9765
3024
12137
14014
14996
20737
6552
1834
26531
3356
16558
4083
8808
28593
10636
18374
14058
17523
8616
29837
2174
571
8709
21140
11345
19280
24163
14058
4673
17125
21683
12555
12273
23523
28877
28603
25116
1257
6245
27957
30761
21905
13115
9861
7680
8438
915
25139
6173
4467
25317
18977
1506
12717
14037
23734
7730
1747
12901
31036
6715
8228
14186
2951
17043
16306
27709
6872
21127
102
22962
16385
9648
7493
9550
18121
25543
15857
15284
32401
7865
27763
32609
32312
5886
6199
20377
24381
6695
19032
31649
13347
12215
28447
30255
15898
2100
22726
23839
9691
25214
24449
10599
15316
23391
17087
6989
901
23394
12204
14040
3626
5865
4347
25732
26778
21626
3044
2617
8303
27994
20072
12414
9319
15453
4828
2027
1034
28412
31909
25308
21133
27816
12865
30573
12535
18526
22663
32162
17282
28796
21295
32229
5700
4307
28308
25526
13582
23293
22201
10398
31381
10480
32650
11108
23247
11732
25189
1924
11424
10514
13529
221
14006
20398
31918
22442
946
24534
9509
6323
16776
4795
31104
15813
12328
24735
10437
12895
25438
19247
14016
4270
23542
8724
32327
10939
15397
30149
10434
13284
6948
11423
16106
7817
15390
28215
14032
519
11340
22767
8993
7402
3167
13767
26537
18270
2334
7798
5911
27111
18256
18874
24064
19538
18140
29164
7974
20716
303
2519
9465
28657
18142
13258
3166
1863
8332
12012
19632
21100
14095
11984
260
7854
1742
20809
22194
3994
25197
9856
17681
1974
2221
32579
29313
2419
20877
30112
27311
9309
14006
25523
2580
17045
15125
15548
17087
27265
30154
31860
7765
18626
17473
8354
8534
5734
26526
24809
29601
12127
4447
6372
29243
27956
9020
6261
3660
6647
9810
20057
7530
3959
15745
256
32538
22198
5907
2460
15252
23454
8606
17785
32711
2287
2091
12684
6813
24700
14743
25678
24448
25495
32570
22987
4637
24522
26311
17909
16232
29640
883
24895
10208
24738
19034
25447
7956
31550
3614
8339
1126
20998
24017
31904
14607
23261
19221
10423
14179
15703
23425
24353
12118
3369
10567
4444
19520
2270
30484
15470
2013
12492
15160
22393
11928
19015
26119
4240
30985
8980
26495
19401
24252
10528
14379
6291
1588
10866
26950
4426
30255
20831
36
22793
27692
12541
8398
11200
31787
30170
19437
13446
23988
3821
13289
7728
2586
25292
27985
4642
4097
25888
32382
6501
16414
8278
4723
5114
5950
1944
21256
14958
2442
9468
11848
23983
4873
30715
2839
22814
12646
6180
12568
27365
10996
28689
26573
26251
18159
9371
4352
30150
23301
31818
16994
23440
21012
23311
8819
28028
4150
9782
3233
14155
22523
9366
16564
31930
5365
12043
8553
3487
12154
17702
18013
8244
19877
23074
25901
9651
9630
28186
21980
19747
17691
18298
13941
10353
29223
24756
29169
10178
2339
24116
11866
24328
31754
8341
26161
18899
22265
18197
12558
363
28142
13894
32646
6427
6095
30471
20049
5327
6831
435
5292
11746
11598
18840
29181
23089
12766
7339
24246
18804
3597
11129
25723
19662
17471
19809
8583
23714
12827
21761
6988
12457
6218
2286
9305
7745
20347
5288
22913
12552
20139
1485
31290
12714
26275
10636
8259
3831
22210
24157
6794
23865
7932
11759
28492
24516
13091
17250
18814
20686
29541
4535
21868
23425
3607
16005
20640
31823
11953
9453
20741
15238
7705
1231
1868
30244
14372
12862
143
10476
23130
22834
11060
29113
12281
10621
8981
15123
32573
32513
2269
17920
23519
23071
26805
1564
25307
15475
29729
1004
25463
15806
4900
14704
6529
27939
4267
7415
23768
21143
26153
20023
27182
9363
27262
6557
10507
1547
26653
17890
4885
24740
24174
24543
8336
12066
29297
30882
24097
19487
21157
2497
4055
6403
4648
29678
1387
4400
16159
19404
967
7549
14424
26882
26566
15334
1582
27533
26171
20354
15021
11098
3380
11445
7415
17940
27264
13734
9190
16187
31598
6899
1011
26230
18904
5284
21591
30762
23136
10078
3952
11339
20474
18905
29285
10098
26795
32404
13
560
14224
13768
11021
23203
16417
2970
27457
9286
22199
13972
16990
10765
27212
14934
29653
30386
7042
12937
29690
5961
17639
18965
21093
27675
22648
12948
9112
31665
13924
12294
11747
31791
24850
3270
23941
1764
12900
2493
17428
10782
30270
7893
10015
19779
3650
8112
25105
6941
734
6299
8024
26230
9609
30653
11463
15589
10313
22164
28473
7143
20089
30627
14712
31793
6857
19556
2653
10053
7814
6020
30264
2884
19996
32591
16241
259
32473
9322
25200
14432
29171
4288
6331
16087
4301
4798
5982
21584
15990
22723
3216
571
25202
24786
8339
10463
4286
4235
32220
30447
29454
2393
9332
32607
22361
3308
3230
24949
1943
1514
23738
14115
20170
2273
13929
15764
20283
24961
24306
27653
3590
8
18149
27862
22488
23293
13566
11489
25336
6433
6219
29962
21124
6051
17809
16919
32510
8339
9197
20163
10247
26009
3255
1037
29545
4839
25259
17366
23899
3692
9291
16811
32257
14154
32127
24032
18483
14731
7295
14046
9599
18959
19954
25789
4977
24265
9304
4886
9745
14124
11941
27922
5038
18655
558
4039
11738
25784
7113
30405
27574
10216
23600
5867
26992
3443
9127
7040
265
13284
20703
31103
24668
11070
10009
19761
16476
24373
24462
13825
8605
29086
27151
9357
12822
6437
8425
20217
16421
22590
29707
16264
24275
8286
20331
12653
8026
13674
16549
12254
996
25968
8165
11115
3990
26773
16392
31118
6093
32078
27134
29315
15015
5331
10099
8537
7878
9169
8366
14922
24656
27487
4537
19272
20282
20020
6850
23256
25287
1559
28609
26915
1611
19862
11099
1866
9013
20987
18694
30971
3148
380
2671
5186
11833
2482
19481
21409
10566
6733
3398
20066
14437
16389
12058
2860
2420
27604
12030
24789
27327
31330
24643
22903
29127
20417
26887
19398
32578
23386
1629
7840
17506
6183
23464
27366
11610
23843
20808
28555
21791
4607
18041
3050
26219
7191
6775
13405
3592
6052
20711
5387
25163
12595
21874
22273
25567
13142
8883
15237
31683
7321
20563
422
6806
20919
19570
18968
23827
16398
17481
27967
23000
1105
14
30602
31851
27005
13848
16386
4478
21518
6468
19747
26738
28018
9879
31722
11803
9150
30245
7471
25795
20896
4913
32053
7537
8852
8085
2432
22123
1883
18021
2278
8953
20138
16847
6633
108
13855
30789
27460
31839
1912
29919
25284
4157
5639
16122
9817
22019
12385
21798
15213
31303
23127
20287
12404
3962
25383
27609
1221
9834
11251
3297
17064
20490
12913
26498
32688
27766
13285
27462
14155
27442
31820
9342
13207
24754
13786
7651
30839
5408
19623
1405
25831
28761
15014
6340
32396
26425
20438
7174
7055
19992
19132
24840
24236
13460
21776
8432
14726
11921
14519
11618
26942
11903
24817
15594
8515
21724
31700
22170
22636
22777
20473
8436
27716
28416
6773
6154
3749
20278
2314
28387
12680
17022
9375
8225
25883
22559
16366
29153
23572
10438
15997
28899
2629
19151
18383
9963
4465
23488
15067
4198
28767
17174
30141
5457
10284
4677
17836
2391
19429
9722
4908
30521
11862
27811
7812
15219
8732
30257
24691
12829
2
12572
25375
31759
26506
30888
10062
8008
28105
22632
27096
1681
11896
10496
23901
9309
29513
27182
11315
15604
25975
32268
22178
7120
32161
10639
16724
14407
9688
32340
2055
3435
16887
4508
26757
10543
4658
9365
22998
14027
9202
8667
9140
2145
17633
5182
2623
25568
11328
31430
25074
5929
20097
7668
8150
6000
3858
19019
14837
12261
17527
5135
27666
916
17051
2125
13463
26250
24424
28443
7631
21050
9621
801
10069
31007
10687
16984
25549
15778
13756
15378
7889
4157
15916
59
7982
30945
22096
5086
22865
20373
5664
3818
9724
26721
9879
18231
20798
13930
26706
11460
5537
10846
26713
15171
22437
20498
5949
9431
13677
28522
30307
6684
16057
13434
12191
21352
26900
8938
19204
16208
5199
22687
30459
31342
13101
25495
5779
29794
27744
12053
2584
26135
18356
19455
26087
32072
15243
6276
2944
24898
11913
2817
22749
29931
16784
9254
25091
31235
30191
19541
26838
31146
982
8266
1841
5666
29966
28929
16182
10711
22502
31444
26083
22428
7793
6117
7142
28728
32238
29115
18611
20769
25224
30256
19411
8327
19264
5002
22655
2708
8743
32744
12141
25587
25808
4064
10986
21903
12549
24678
20777
30109
2489
22511
24795
29148
26686
17111
3071
12059
28088
3840
21756
509
18642
27325
16877
25849
9135
19182
23100
20388
11812
7276
8818
4915
6180
9383
2637
24635
4219
21901
276
22972
7103
6318
9255
22878
22404
21918
15322
18682
32208
14235
31363
13660
15567
30320
12754
32328
14023
9881
29281
18362
15949
21672
18828
4210
8890
28648
4483
4528
8409
18495
1949
19517
19426
9049
7408
26282
684
11522
13598
16604
17694
18132
18289
24777
32231
31507
5675
7292
5230
5845
28695
9567
23308
12134
12388
22713
11642
5866
28851
31094
21381
1092
8559
14119
31753
29239
31837
9801
25628
31179
1396
3530
32394
11251
3566
11721
12162
11884
28063
25502
28814
8168
26246
20250
28872
1900
26274
23823
1356
21239
7174
23315
32233
10596
3888
30850
12828
5009
14231
22722
23102
16577
16003
6859
2300
27199
25633
31206
22792
6725
15063
27572
8974
23067
11477
24435
20458
2947
32749
637
6936
29013
19364
11793
22891
11111
5513
25174
6146
10671
1989
29341
10105
23212
30196
18151
26460
6401
9267
22183
26081
7268
1146
16585
10198
29110
24109
9458
11480
15987
5101
8714
966
21325
31668
7672
885
21012
32033
15020
31653
27353
27152
7267
29236
29779
17774
25894
16530
25474
27724
2452
9589
26257
21809
25314
7886
9985
22965
8736
8187
30468
15947
2238
30782
28199
27743
2638
32110
14644
4769
15243
20204
8535
8096
12955
17625
3711
19098
15505
24454
2311
7826
3126
19244
32406
15268
17929
19422
20036
17046
3460
9659
24574
7855
30625
21864
19243
8652
1693
11454
20623
9904
4860
10175
11120
11676
17869
3535
32248
10015
2095
13089
23771
24880
3092
28271
15930
19066
21061
5870
20422
32759
20903
7809
30760
22720
9148
7212
1953
25636
23148
23244
23533
3575
25350
16390
31598
23852
6786
8062
27526
167
30473
20041
17989
7756
27319
2724
21316
6236
25503
3046
10192
15617
3343
20147
4683
5159
13846
29043
21712
16270
324
13570
29462
8477
16817
30121
6039
15226
10560
12366
21489
215
11301
26599
16524
1039
15781
32565
16253
16369
18973
23214
26282
26843
4678
24251
21807
31884
19383
7715
30721
1075
10924
19655
465
15563
14597
19089
6708
6571
7826
23207
2048
21849
16013
23268
23289
1184
20072
3976
22701
24546
18890
22318
12444
13999
26580
23295
15260
16789
30120
3878
19068
17978
14892
6019
18408
16809
18187
25764
12684
3306
23293
7409
11389
12245
14665
9766
14548
22055
6792
25351
18588
6870
6827
31055
15854
7586
18495
13289
5210
5869
14576
21858
14729
24012
18252
28319
22817
5214
24010
3531
8169
28253
29451
22932
14894
17906
7007
27799
4453
29390
21387
1304
3345
6006
26826
23799
23271
22750
8721
15839
560
13370
3735
9665
18032
26385
7573
3969
7493
7571
25418
13295
15249
23340
12099
22264
32219
20825
22489
29982
12275
6331
24315
25893
30677
106
21550
16911
26576
26507
6097
12619
31720
21797
25510
22826
1656
16944
15502
7058
20508
18927
12692
26870
28365
13440
3117
16261
6222
4018
21950
10914
29640
18966
22111
22165
11953
1113
28895
3200
22769
3280
8
10900
19528
14677
6436
27780
8938
4946
22464
6202
365
2587
5807
25290
14309
8065
14930
8612
32334
17060
28695
7181
20522
19720
1856
4304
11114
21995
18150
17456
13970
20438
25917
10786
4633
9331
1049
185
22798
17054
22193
28386
5378
21182
21667
31569
10529
1366
7737
28603
30882
12247
30187
31814
19554
11193
29477
12094
15307
11209
21066
5385
7419
31685
1528
5213
16418
24102
28046
23216
31276
31805
21739
27888
17057
7297
8569
12405
26825
4904
20587
52
9235
8436
10818
8757
951
13392
20374
12615
411
16539
787
20210
15476
8132
21698
12717
7469
12823
4745
25425
27532
12374
8694
17358
5651
25612
10040
9244
12580
14878
7534
3445
29033
25507
17445
2242
9587
30965
1563
31315
29345
21256
15689
26066
22852
3835
30753
11898
17408
28653
9237
10116
9846
4882
16728
2274
28447
10758
1000
7216
20603
12129
1484
13800
9580
18827
28314
20181
29916
20434
13373
20938
22694
9657
22773
29075
19380
24723
19103
6956
9061
27473
18231
22577
14385
7321
27291
13718
399
29464
18834
664
10518
27672
15884
31731
22755
10325
18604
14166
18748
21260
11139
25364
20850
32598
8735
11804
12
28596
23236
27691
32289
31723
5369
19008
16902
2322
2374
10065
21802
18409
32317
25916
12605
11628
11959
17920
30872
22952
25952
10541
3545
24782
29046
15769
20173
10886
22733
31573
30356
23429
27415
31199
27391
32098
6754
30361
31037
22693
15586
8058
17847
13602
7153
30212
29496
29829
29780
24182
17745
15149
19392
12098
16892
6974
16284
21697
5759
30193
12553
23846
17299
1839
29216
177
21702
20319
22650
31269
10014
20348
22774
17275
767
19306
4278
2776
3406
1674
24427
29629
21463
11916
30419
30845
30956
26756
896
32757
16975
13376
21210
31607
3923
6617
6759
8455
31293
21897
17482
5578
10480
30140
25866
7355
4298
8042
16021
7584
12745
27811
29829
6205
3314
6508
21921
22471
23027
29385
24231
31387
16391
15387
23113
8752
5658
32428
17013
24394
28206
30601
18137
11889
28669
6032
7335
6306
18143
18889
31637
19524
9967
29690
27689
16989
11625
25973
19251
17414
8279
10293
9883
25629
20845
26665
22364
16697
10289
25808
31953
9187
5983
8454
15664
19715
395
17694
28500
2200
20744
26416
4543
22700
18185
11700
13023
19592
17926
80
11920
22564
7009
15087
25827
16353
3146
5907
19997
27770
10720
16236
4099
15160
12440
16809
30805
7782
30435
21134
153
8709
12043
6215
16153
10433
94
28412
26927
29987
15247
23461
19136
21255
11865
8480
22279
30033
23141
11136
13972
23516
4974
17833
30356
21939
18595
19738
15698
29572
32077
22537
10238
32337
13489
437
13742
18025
21816
20728
25506
24215
18125
27931
24268
6041
20615
5359
28303
20435
31112
3097
31944
27461
28965
29358
24331
1979
16967
15104
17711
16707
22032
12727
28940
6884
2498
19491
7043
24461
23517
12496
10943
3916
29832
11867
7611
11456
3378
5253
20740
32465
31609
9094
193
6814
25419
1444
11248
18871
21579
1795
15602
8333
22134
32703
6986
22823
10758
9272
2722
17942
16022
12205
31502
29098
9608
7437
11925
15718
932
25097
22510
5554
17921
24686
5767
3536
7721
434
29644
30737
2424
12492
17829
20041
26565
9801
6720
32384
25925
15005
4370
28650
15275
12983
17688
21530
3732
15064
11363
6258
26403
932
4307
3038
4840
13690
1571
3266
27143
11777
293
21296
16534
15363
29775
11103
1862
19839
5495
13400
24390
17401
12507
30451
9572
25365
11620
26882
14454
3428
9772
12492
32504
17278
15677
15549
28662
6481
2972
859
9005
5560
21126
32636
11373
12368
20985
15542
17985
24967
26742
2072
4050
30965
24582
6423
25097
11760
3195
18123
32756
7770
7928
7516
9835
12222
21171
26551
16115
1691
22266
389
14818
2048
6772
1373
21444
6489
23466
11064
18942
4745
8901
27430
17073
5689
2201
14400
27617
17519
28387
26590
5591
31586
3535
6410
19651
6797
31422
12340
13734
31746
3141
15143
12911
6145
16249
20795
4452
1737
618
17356
19396
21678
2029
13036
6059
23660
2207
23125
20789
7099
5414
10913
32486
13859
23994
702
30026
6674
4837
7580
24024
31788
17286
2088
9500
7394
23580
13182
5142
3142
11073
30554
6365
24605
3957
6352
647
4150
12829
10558
13389
27899
29643
20862
5099
25670
28096
23904
14150
2166
11440
6999
5457
3521
2245
25714
15921
12748
16102
24718
24224
16760
12088
23243
4751
12543
25829
14908
19215
31297
19229
29411
19313
13656
13147
732
428
8050
4330
20440
15872
992
3495
30925
3545
15210
23560
28652
15862
13798
27229
28884
18378
16905
23382
9989
11811
1916
26566
6295
3337
26418
3494
10540
24809
13818
12381
18723
18675
1360
3647
9486
18624
28281
12115
26982
19768
5071
12633
28286
30899
19545
5387
24758
31326
11678
28836
14577
29921
26555
11167
6473
14398
10164
10177
25089
21244
29704
31577
4794
16006
14216
8391
19434
10958
28264
16187
1163
11573
10647
28863
18448
22191
23628
10616
4253
29986
10210
9256
4471
1040
6629
30712
1466
4214
4205
15221
22346
5108
14506
22744
12811
2861
23489
30602
22357
19313
28118
7911
17826
23450
4970
30275
2186
21555
4328
17962
17650
2784
22650
7916
21888
3321
10785
18521
2898
11641
31237
24266
26351
10775
4362
16737
23933
11186
7075
13713
32309
9714
6891
25568
3093
23085
27634
4587
24532
391
22868
15787
9755
25182
27409
32248
19954
21733
26776
19531
15225
31502
16677
7112
4824
12206
20045
24956
12152
28892
9432
29155
7028
18841
26574
22445
6986
32439
20948
1985
8663
755
26809
5763
16514
30309
3917
21074
26551
13594
26994
26453
2967
14591
18037
28792
237
21248
1438
6577
9828
32626
10501
14216
11768
22958
2728
30678
6827
29439
26555
4045
18041
4287
13887
2872
1165
5564
30934
8452
13237
6881
1238
12544
21780
31506
28316
20193
31511
22103
4131
32393
9386
20541
24021
1417
22699
3449
32160
30180
5534
13519
21581
22038
27043
30514
32013
2644
18086
25389
24405
25366
26326
1921
22252
29907
21848
10512
8771
7435
28476
4089
2820
22667
28848
12293
31981
20205
25203
12354
32479
14174
31629
5613
16946
31396
19262
5781
15436
13919
16180
21886
32370
1422
23040
4164
16349
12886
11723
32448
19985
13567
28485
27183
22378
9280
13535
16273
17400
31420
13882
8528
4237
21964
8159
15394
24595
4479
20272
25392
14115
26079
2719
14200
5588
26998
2589
24176
25553
7441
25557
3052
25263
25796
12571
25409
6781
4654
32671
29611
29852
25598
25319
21484
30929
7862
14844
8502
24728
8880
32099
25931
29883
9054
10574
10211
26916
25557
6164
12110
10991
7309
24799
13402
21700
28258
3748
3447
15716
1759
17241
5401
21633
22972
7010
20318
16851
5029
25932
4849
31336
10814
445
14638
16444
11619
32683
6535
16393
15796
18637
21542
16736
19537
29263
12243
7417
2018
1482
3865
27976
6875
22131
16548
11600
7934
13971
12014
14780
27169
8503
13083
26668
6193
11304
3873
10445
30327
22045
21291
26156
13338
1328
12864
5964
31717
18831
2591
14326
23371
14452
8814
6992
6824
29527
26388
19633
27338
12130
8676
29364
2992
20773
30587
26763
20625
28811
11115
406
9505
22796
28569
11060
30735
23077
17123
24794
11986
31749
8966
9826
1701
27786
5567
31909
1744
14443
19761
1099
26666
9399
27527
17122
5596
15486
10714
15918
11111
26317
26197
25024
5097
6368
23959
25290
11932
30868
4952
5682
7327
795
11856
27877
7161
3059
19284
2670
5083
10265
3011
10695
13861
22906
25376
17519
23084
3754
26624
12220
29882
19160
11303
9331
20823
2562
24558
25750
28871
13669
17640
29565
12500
15416
13252
5160
8526
9369
14709
468
10831
10440
3985
5836
26563
13459
29687
21890
24104
22289
9141
2014
27795
31891
32041
26838
8180
1240
3430
3135
19354
2432
3288
30947
2810
26819
3884
10451
4268
26723
27242
25599
26294
1247
6500
10499
1037
16618
7508
6212
23385
2331
8897
5436
18169
32742
28066
4626
30279
17867
20678
14702
16413
4557
13427
27275
32408
11814
28750
15246
22555
11577
31866
30230
6551
27336
15876
16916
1546
11623
29311
29405
16198
31793
32491
10877
11252
31929
9692
18254
32472
27972
26840
20426
17239
3893
6400
20638
4918
5576
23282
24831
22948
27907
8687
16705
18299
27882
26169
18342
23747
19699
6847
3956
11128
27577
9724
7754
14220
16116
25117
29619
6192
32681
26722
14076
15952
26270
11206
30531
1116
3345
9954
12753
27470
17833
8463
4778
10473
429
20171
9057
27454
5748
20830
23601
30069
30493
22973
19274
31178
13952
29358
18025
21718
25955
13869
23211
3600
8434
29198
28323
16787
25961
32741
19114
22306
30996
21539
31606
10857
889
2177
17135
2181
9428
26018
2877
9927
8643
12275
4134
30389
30531
15319
12951
31570
27355
3329
10880
928
27415
1312
2789
28258
21560
26050
19507
23334
27946
10610
20688
27779
12470
30756
6133
32672
14073
15060
4800
31989
21269
4713
20357
9814
14630
13791
28518
1581
16504
31653
6691
25607
5623
4676
25651
25170
29414
11330
23315
10596
11220
9030
11230
17344
11212
22140
6174
3989
12237
18491
11489
27016
22137
16102
28688
29875
22545
27920
30717
9198
31393
25827
8507
26701
5752
23234
22194
10474
16091
31533
8178
26596
25339
22501
27080
14503
31524
12369
15631
27502
5686
6433
22473
4615
23385
18225
23663
16854
21485
432
2949
14109
4544
32641
15216
15739
1412
13281
652
434
6528
20043
18298
12461
25733
29080
11191
1985
2340
26219
1139
14899
5406
19660
21920
20474
29980
4371
841
25031
20640
10248
11557
22083
25148
22088
26732
1175
8194
1771
19433
24626
18491
30051
593
4550
9820
11943
22227
8596
9269
11666
28656
5866
31596
5765
11405
12522
6954
22100
22342
7308
5652
10336
9222
19431
11389
18432
11220
21164
18137
20774
23280
27635
29813
5183
1311
3386
16998
24922
5187
10922
32448
3725
1326
4253
15368
15764
9912
30302
10475
9404
20239
11823
4143
24320
31567
5777
5355
1905
3411
12479
32499
9179
7114
124
11159
8869
2189
6414
30349
28665
20784
31627
12075
26149
19926
10835
28121
7489
21066
5598
24007
24082
25932
18104
20187
15407
553
26825
9198
7010
6287
7130
28983
9297
16030
11605
24327
27742
18754
8012
9399
21707
16065
8381
12255
25890
22416
23317
19401
9428
363
14578
23846
14368
6308
2605
1535
17462
19388
10520
17902
24221
23856
1284
27277
3026
14229
13831
25647
4402
2023
32252
21198
7705
21023
23242
24389
4172
13315
3562
13503
22420
19010
15651
11888
15532
27584
4248
3459
3933
12079
29189
19283
32744
28383
20806
23517
10148
16087
4633
29814
1256
2340
1828
10937
28203
17521
7738
32708
16490
30936
8666
11172
19659
1784
13304
15629
18815
25928
26112
24910
18924
18346
4633
26757
524
25924
22951
23055
22800
20619
27923
11587
3914
5536
206
31328
31561
4832
5011
14275
8774
16311
27117
22366
12223
21940
25338
22629
4193
4067
2670
8522
13355
29783
3034
13804
15313
23558
27439
7692
5470
11482
9854
4096
19486
31236
9473
13227
4027
32404
5983
4524
13990
9798
11564
726
16312
6303
17327
13280
5914
31289
29161
4446
8802
22620
5586
12272
22526
29389
18150
1210
26070
22507
20960
532
11053
1783
8646
27778
2504
3252
14885
31718
21075
20016
9886
7412
20480
30177
929
26343
14193
14067
1145
6514
31960
23265
6793
14074
21853
19779
8661
3842
26560
6631
14020
19687
28735
4386
6436
24269
23482
1640
16494
18649
7701
23835
1355
14497
18398
22433
1112
27872
7983
23737
7718
17775
16342
9999
14470
3952
1716
4878
9475
25036
19555
32501
20655
7649
13084
28973
8483
26740
3031
30938
8897
12013
5811
31920
27708
3267
8857
27655
23387
9525
20508
1586
3833
17723
31652
11277
16977
25020
4812
28630
28024
17921
22792
22334
20267
1642
24459
959
17355
2911
13416
13615
3494
18570
3319
23190
29304
29763
28538
9533
21042
21324
8192
20999
6905
27839
21642
7428
15986
14916
29805
4932
3133
10375
26359
14057
5567
31722
13653
10624
32549
28023
948
20626
24997
5144
9639
10357
8967
28170
20937
14696
26213
7823
14499
25312
31279
13283
720
28956
26481
2418
31326
12543
1625
6728
25464
30239
15348
22473
18498
18202
17720
22690
15365
9257
13127
29695
22924
7159
31986
7423
206
8883
18812
4708
6093
24419
22689
13968
21181
25468
11223
9133
18281
176
21716
20523
20435
12552
3408
22383
26
17714
31756
15049
13217
19740
19219
11943
30062
28354
29504
18441
18384
8004
24832
7733
3909
29243
22105
13484
9370
29517
11820
16732
21076
15871
25783
8983
16719
18379
2397
7236
6309
4211
32170
9685
21713
11412
9618
28281
6677
24190
27897
23058
1561
12611
18041
5481
17620
18958
1887
4640
27823
25526
17654
32489
26088
10387
5897
4086
24885
24209
25507
11185
8619
6530
6169
20396
7645
26553
29514
16859
15432
11476
17702
25089
12015
7897
18285
12136
12866
6533
29625
22229
13124
15328
31423
23739
8429
1045
16594
14255
27853
23937
937
28444
32499
21770
3425
4664
8461
26546
6341
6966
9425
8043
19150
4798
18843
29230
25958
1946
9559
5959
6001
11954
5281
18163
3598
16186
30251
6188
11034
24362
13663
28868
1271
13294
26694
15281
5003
27487
1193
22952
11915
20723
28790
32749
16633
17200
29028
31081
21995
7527
16346
32253
25231
27038
16654
5142
29036
28366
11370
12417
4842
28495
8243
2177
14101
11152
26988
18975
21662
32011
760
11970
290
7544
4096
7167
24239
28225
21908
18098
645
21559
30613
3150
14617
31619
31954
30321
19296
6111
24177
7356
10569
29958
9873
22753
7564
27496
25133
253
28322
3363
27203
7209
4372
7983
18486
17739
20217
13016
14706
12339
2234
29554
5710
1251
29465
31816
8246
1325
30322
19157
31497
12420
4928
8503
21952
23052
28642
27872
1617
25843
29600
1423
7378
6916
4841
22654
12770
20857
12510
21469
29765
20497
14869
9856
14798
11875
23702
10197
6018
7026
298
31768
17658
17281
27094
18634
20233
18473
6562
3423
23967
32424
27038
29751
4333
26748
28455
12239
14794
6705
5991
14393
29014
1143
7195
31945
21469
21367
13721
24082
25342
22631
11793
1040
21260
12636
14867
25767
18356
9056
14929
3660
17376
23237
19111
2819
20700
1465
16984
28553
8375
32026
2459
27346
12269
28555
26710
27062
10818
17095
12841
8935
5873
7989
29614
7974
4102
22973
1279
4534
2313
12251
9593
5393
26844
2545
1216
8155
31462
14306
23811
17940
31602
23516
642
6801
17233
30581
3149
17581
22215
20218
31310
7740
23461
5891
31881
28096
15026
8267
16291
4320
28751
30143
25249
11029
20571
8405
31219
11431
16725
2079
17329
17880
12992
7200
28964
6750
21196
18014
10632
18711
18226
20152
10768
7161
28000
11002
10027
29768
26070
27823
21254
18187
28368
16695
11602
15808
21029
14361
71
20303
27247
17306
12009
25917
876
10126
14474
24866
6564
19054
5520
5725
15692
7339
20856
3078
7275
2626
1563
6948
30779
10897
7216
15648
2514
8808
29971
7802
6657
27748
25029
18875
20605
31608
2867
32427
32316
27597
12219
2499
26402
13772
23020
12261
20189
6009
29837
587
19726
10242
24545
11966
11433
18839
27690
8200
23198
28029
23916
683
10169
24158
23667
467
25030
1252
30999
20618
2042
23174
8639
21291
7822
32417
13348
32025
26029
8650
2904
14000
30608
15203
12038
24444
4584
15724
2043
16553
3708
15004
15845
955
20243
12976
8795
384
8340
30980
19742
32066
22892
26976
19871
8256
14128
24340
5569
18784
16259
8775
479
1310
10299
16268
8721
16840
2751
32182
10411
5101
26291
26094
8711
7955
14296
4610
22917
30376
9005
13568
4047
2875
32603
4612
26210
30700
15439
21838
9290
17441
28201
919
14380
28027
32597
29605
7050
19977
19959
1566
31555
12987
14477
3994
18777
13849
24016
10491
7159
13108
5082
23041
32179
25821
23182
21017
4880
1302
19765
9078
14663
198
22373
13411
583
5041
12583
23256
12794
24742
26200
22091
8394
23034
27984
7112
10084
3638
4290
10308
30651
11533
12515
19759
1872
22673
8143
11080
28338
5798
7464
20405
25152
30390
13568
10067
10294
16294
1529
15435
12264
14857
12970
29158
11848
27284
581
12962
25518
20690
29815
17541
28377
32281
19600
14257
20785
6333
22500
9017
2126
8067
29553
9267
24766
345
5314
21262
26115
23876
23059
8998
5084
32409
26037
24726
11462
26992
2228
16461
22977
2902
184
13925
30551
25666
19753
1712
13275
15307
24470
17299
25327
13975
11096
12055
10824
24599
22642
12861
27574
31857
7612
24210
4190
14014
1601
11780
6474
32630
9701
29940
6437
12072
331
14988
31551
16751
11509
27475
15320
15393
26541
6654
30106
5833
13348
17034
26727
13912
13786
17287
23893
20759
21821
439
3063
20192
28437
27095
25823
31118
4895
17597
25952
4530
5624
4515
22681
7048
31293
23235
10670
30761
29937
14372
11097
7937
4383
29875
30882
2948
14016
2453
21226
13085
6366
25532
8494
5991
20218
10168
29834
18592
7596
26576
13820
27739
12937
82
24939
7284
22345
3623
29160
12873
24618
13226
25395
21031
22927
8123
27777
19203
14573
2830
22652
7787
5351
8137
7820
17596
10424
32591
8533
404
9938
23126
13953
23690
7876
20288
23487
4637
31329
680
15627
4331
22047
9787
28721
22308
14525
25033
2444
17469
28201
21147
28180
13033
2464
5384
1688
28485
21271
3139
14407
23890
9178
23671
18037
25513
30323
19222
412
28266
11725
31086
26529
7798
22425
11645
6489
30942
28145
7430
18764
10907
23611
28388
1977
13439
19281
26271
4058
4971
30943
28221
31336
14531
7692
29274
31074
26399
10588
17531
267
18243
20436
30624
562
18770
14688
27416
6581
9790
19571
30617
22856
5507
23789
29328
3443
2837
16961
31670
9434
4502
6359
18660
7361
5325
12975
25640
5839
12372
31560
4120
31762
22160
21184
18022
20804
25574
9276
1205
8269
29228
15242
23467
6920
94
7685
29768
23370
17043
27321
32630
25633
11823
1480
17377
18521
5721
4877
15880
6725
27824
1022
1685
2236
31289
15575
29417
19809
9372
5365
9212
20519
5009
13951
30564
9237
19093
8524
3763
16711
2785
21761
24838
8246
4508
26234
2779
6713
1616
1132
20515
13131
11675
12104
1177
12558
13351
10338
20049
8976
9691
23634
30356
16461
25939
19610
15595
15862
14222
15498
24698
881
14311
9569
21391
24481
18503
13749
19835
9063
20888
24597
11937
17769
26749
15596
27340
29458
10816
17320
28102
13018
26124
7964
11814
31687
26204
8483
25193
26163
28339
6535
3140
22993
16782
5153
20025
23787
17046
16961
16233
26861
2331
4944
12713
26663
30398
16563
7639
16591
9837
20723
10863
4421
18325
22043
89
411
14738
27490
25093
20053
31595
13834
14522
28781
17340
28040
3115
1691
21747
12005
6220
25555
25023
8036
30051
26382
5574
8805
1634
77
5783
9865
8564
1755
4319
19991
9942
17619
9695
30367
31208
23523
19741
25565
4228
26447
32346
4575
3214
32569
14277
29290
5068
287
13422
6555
23032
16805
26365
7626
4372
2965
3236
11955
13310
4132
27730
10200
24388
11383
5674
8737
11321
10341
14131
18630
16969
21119
21841
30062
4745
7501
1908
22425
29074
8667
32271
11067
912
11124
28620
17065
11926
12462
15998
26553
1845
23975
26710
22565
27468
5005
6491
24881
16161
356
28948
24206
177
14851
20615
8317
9541
27488
17512
32056
30022
6926
24458
4493
23122
3076
6553
29900
21391
12704
1547
25571
1088
21484
30548
10184
4246
18719
25177
15127
15560
26727
5672
29437
614
6629
7142
12116
4074
10233
21256
22031
26256
13761
7623
7641
2663
32476
12749
27641
30888
17524
24885
18809
22599
2939
28594
13191
6345
4148
18446
19227
29525
4854
9687
10202
525
25133
1877
21051
24991
17825
31678
10472
4374
12027
8621
13671
1015
21381
27089
13305
6793
4913
29154
21186
29812
20701
3034
27691
20877
8149
17761
16517
29937
27289
905
29423
15953
30433
1723
19833
28044
27359
27378
4233
17539
14276
30758
20862
31529
3461
22284
11412
14809
15327
32252
19975
3565
9369
27186
5756
3212
8969
31034
24220
6083
3289
30374
7682
31191
12299
12802
31063
19162
29243
12554
31675
21629
29988
21018
32615
26661
25702
29413
2449
23361
20615
28522
7568
7642
15159
3364
19265
8043
14552
9857
31913
30196
19261
10902
18140
31562
22962
17681
16925
21681
27197
17007
11590
6316
36
1135
24683
1812
17327
6854
21178
1896
22319
21524
14245
24932
32063
23319
30532
25557
29770
13342
1524
28075
11086
11969
24389
3408
13279
8144
10259
10808
5486
30601
15346
27834
26059
2062
10704
22558
19177
4118
25557
19191
18914
24034
9870
22963
1850
7795
23371
14192
23656
11514
31173
8465
26258
30352
11524
32401
29337
17959
16256
11928
27221
3264
4743
12364
10018
31199
9438
8042
19867
30780
27819
13973
5797
25276
2194
19438
10672
1439
3103
31716
27705
16379
27492
30286
27283
22889
18915
8631
15848
24574
12462
2296
4987
8829
28620
18189
14639
6858
11999
25889
21325
23714
28932
24299
8066
23690
4091
16701
26919
8965
29320
5850
4805
16394
536
6025
22745
4789
9128
19815
12756
14653
14307
9345
28518
15654
26250
6306
1276
20408
14617
30058
6024
10927
18600
23712
14976
26932
783
1737
32297
27916
19277
29178
13077
9232
31019
29418
1770
16861
31772
23627
24166
16844
9576
12379
4256
17701
23945
4278
26513
8591
18645
24686
2514
13259
8030
19549
12711
19106
15383
11706
21821
15900
10040
31467
9264
1779
8163
15002
32336
27207
26887
11531
18341
3475
23941
8109
15793
1760
3985
7919
12788
15673
30555
31316
19894
11614
29935
20170
17152
26301
10586
2872
3820
21661
27407
9046
12574
10141
22921
25793
31891
29533
21553
8783
26010
21627
22657
10655
28959
12993
2922
14069
10543
29596
29171
23365
15033
12496
7460
2190
8338
18283
19746
14442
32700
21239
20379
24802
6376
26868
7524
11142
29497
10374
31585
8894
9291
29290
8870
18779
22900
23854
13275
20593
1610
14754
31205
24425
23653
15242
16323
8786
28774
6805
15797
4728
12343
16275
24996
11576
3733
20962
30398
3346
1996
14633
28769
6400
25538
26441
23610
15878
22839
32401
16302
26379
30283
10290
25720
9959
29249
12018
22676
18621
19586
12836
9564
14987
23781
1239
498
1535
14637
3406
1245
19341
5076
14512
6391
29630
30727
22273
14726
2763
1777
29521
14761
31338
6716
31795
6902
5608
28629
20593
14177
11384
17136
1022
16991
5579
30285
28972
25932
27872
13241
27167
31498
27934
9431
7810
12012
9632
10528
2424
722
30416
11561
31702
149
3639
1828
5775
6821
21651
31914
18800
32752
554
21944
10765
26374
19807
8439
14075
5243
26499
3392
23359
8333
15341
31839
17927
16391
9549
13079
27288
5222
3389
19047
15496
18233
10777
17932
31789
29902
20241
29767
10069
10762
636
31456
25143
31129
20079
13675
27818
27720
32655
18634
30613
20654
17955
4083
28327
11794
28014
17908
2632
24201
7483
4404
15823
5215
22969
21499
22005
20152
13705
26164
23433
375
27158
7282
3686
29791
18981
16434
3235
7544
17069
23904
31241
31413
24040
2332
15306
11987
31914
1469
7279
25988
14834
26646
27667
17101
11454
8697
28879
25005
31780
5626
15221
9727
31135
6261
13441
26017
13735
467
30028
11478
17028
13832
16771
8681
6499
17760
13528
19476
21930
2684
30967
16799
14985
27031
6076
332
14033
5391
15779
31475
23306
31520
128
2922
30144
16626
32368
28583
18973
28374
26895
29481
5309
12748
20715
23956
21181
22090
17721
25499
32533
24632
7111
7970
14888
25663
30002
21156
3994
1603
20825
31699
20066
16686
18449
31103
10016
23536
14875
18617
1200
12228
3667
7480
21247
9140
20265
22780
10269
351
15445
10032
916
1786
9415
15957
6137
23189
7389
3485
21184
17055
25817
22933
5716
18349
5010
3079
23144
9079
22890
15135
9863
8483
28543
11212
6899
21191
1830
21353
31660
16425
19861
7325
29135
29385
22495
29568
30497
801
2854
23807
8172
2859
21771
7553
14090
8740
18538
13003
24639
17808
29253
9504
13516
21374
31485
29613
3648
31245
26568
8229
29586
16431
4191
7593
23661
2989
7415
9962
16075
18539
8307
16273
6853
5358
8920
25823
30889
6171
12289
12688
3406
25665
16020
30982
30884
2906
820
7587
21135
18574
1016
9847
31222
25337
28
22555
23063
11694
32759
21724
6685
18684
8493
2076
27380
2288
29478
24822
26460
9498
30655
8225
14908
5524
7231
15639
32569
16705
16012
9846
4488
24915
4767
24998
15616
15888
31797
19900
1396
10453
12487
3486
30783
22363
13757
23912
15392
1081
3807
22287
21321
30890
12556
27205
17330
25489
3374
2972
6579
8634
18285
24301
30930
23395
28323
24827
11994
6907
18448
21588
32045
16681
848
30072
3162
31248
27273
14909
15858
6098
25321
8306
20632
30290
20816
20419
2648
19519
14153
4828
23866
3406
7231
27602
14870
16838
5870
18366
1449
30530
2839
5547
25577
11954
28536
17586
19862
27556
12283
28003
9234
18626
46
10855
14194
13723
12787
25700
29397
16806
25721
5409
8948
6275
8042
17899
2811
4997
11878
19767
15256
1134
20657
3976
24657
7545
4392
18323
30490
6814
23162
6561
9767
4113
7060
30262
9215
524
4189
4080
26066
10702
676
26801
2060
3044
5974
14849
9514
17319
31733
15533
3788
10246
2117
5044
7436
11653
10313
24164
2063
10630
8813
13761
32729
23239
3589
6438
30310
23341
3574
3631
20470
24256
9139
30677
28072
25590
11884
26843
17994
14644
27266
30058
368
31634
1341
18424
18627
29407
6337
32110
17308
28389
9278
3209
28882
2541
21608
15488
21200
29830
12327
28392
8682
11907
32143
16597
30961
20803
29458
18243
12292
20277
2292
27316
22954
19610
32512
9754
5662
30093
27258
11510
12522
30017
24660
15554
15543
29323
4004
7565
8548
13728
24662
5605
20565
23327
27166
22009
4878
14418
22449
7679
10240
21681
2613
9172
8610
7335
4342
31714
15300
12697
18778
2375
6945
31525
15127
14644
11059
23975
1187
3474
3659
14850
27629
15084
21472
6813
26442
23945
26919
12715
12978
2520
30693
3248
17708
15378
10114
8512
14983
27418
29790
5898
1355
17064
4456
29462
31983
18598
2028
2123
7244
29146
2476
20788
1106
27078
10547
5892
5882
4556
27750
2519
15995
31638
27996
11834
13505
25269
32111
17390
24347
27016
32403
2537
4660
7520
26343
926
21060
1505
8842
9086
25479
17324
18352
32447
16111
571
20725
28252
16150
16651
20977
16733
6518
14337
23052
25688
30684
23303
31123
8760
17946
16630
7436
25149
2044
29112
12999
1860
19326
24494
20150
21577
2876
4175
16510
31274
5418
14354
20430
12973
18821
19854
4848
3269
17930
22496
5022
19985
20837
31822
13846
3494
6892
3882
5745
27662
8845
11256
20528
3216
23813
6355
25624
13234
26707
30988
12352
12029
25709
4885
11880
27136
17457
11677
27788
21656
10910
18429
29625
32366
10308
12755
4384
3008
27897
17900
13673
26469
16846
19560
24137
22027
24386
18456
15959
20164
29621
13099
5915
15553
28191
28426
31080
3676
24833
27520
24556
13660
4508
18718
22534
31861
1890
31454
11479
22031
12202
11014
18588
2121
27047
26447
16443
23100
3739
22599
15643
9860
19016
2036
14649
30461
22439
31674
16761
3530
30173
9598
12858
32668
10603
28684
8748
17200
7589
27318
28518
23066
14949
22590
8883
30402
16896
9463
7469
17324
2937
2086
17422
12284
11509
21678
7874
25913
10863
15597
6977
19025
31917
3553
27803
14301
1139
9615
14292
16807
15862
10405
755
14697
18579
15198
6742
20184
5825
16806
24648
28897
23109
27263
15062
21555
165
2723
5086
17149
21470
2666
8040
6649
4953
27375
23609
5801
6428
9838
678
23265
24382
28657
21927
18821
31133
5676
2604
8340
22483
3493
14516
29797
25445
26136
3355
28721
20030
12057
10419
32722
9564
4091
27287
18122
31690
5873
4668
2183
16846
883
28745
26086
7267
4067
6569
5109
20713
32369
20702
28669
6428
27964
6552
5312
29507
13753
10886
21759
17065
23385
12652
16191
21585
19814
7542
3789
7142
46
25548
11776
15601
8548
29286
11710
13391
27587
17698
22081
13793
24052
20755
13595
4741
22706
14876
19576
14917
26668
1726
18340
11983
15531
17967
22733
31269
5748
23724
9225
32150
10480
27151
23451
11501
14602
32420
29042
2536
31449
4665
498
29676
29311
29044
23543
8182
23633
5482
18967
19669
24632
6508
296
1943
5206
17188
22530
5185
4845
20706
11398
20163
10109
560
6624
6186
22317
3756
25608
9240
18540
32535
15503
14961
19928
7337
17560
16728
6239
27303
28709
9050
21668
24120
11924
26088
14244
18549
31849
1035
16025
9919
16973
24915
9759
19797
9559
26897
23701
8229
11403
11717
29638
19939
24480
7386
21960
16729
17159
6801
16677
15614
21800
6716
20537
21705
28911
1708
4059
14919
14727
3820
26944
3820
29541
11056
25371
12455
28297
28168
32265
13496
26112
30169
12333
1222
30894
4750
17431
21036
8010
29579
7915
21397
17322
29154
12735
200
23873
19146
6724
16581
14054
24141
13993
15888
16854
17984
12476
21837
6653
22904
17491
21005
8049
28475
17642
28136
18752
30453
9869
17868
5483
14380
3577
14740
14898
20150
11262
27100
31890
14122
26663
18452
20493
32660
7837
27860
9129
28781
30025
10351
59
16842
3129
459
23525
12499
3397
6000
18142
2423
24306
5854
21873
30814
32406
15908
27465
14623
17853
7086
19435
29876
7884
95
5252
25643
27876
22496
741
2973
11017
23351
11724
8548
1668
20891
4709
30089
30853
21382
6928
28028
8973
17421
869
26632
29963
29805
15733
7557
22982
9702
15443
20560
30586
24012
18388
24952
16710
16347
15762
7610
24645
25291
25399
22192
14332
21284
11768
7237
2548
14420
9055
10860
31911
20478
14158
24338
2465
13206
19265
19536
5855
7211
13011
15078
16251
6275
24964
12517
3979
26989
9657
20651
14150
30803
5380
9236
31080
7183
3494
10223
22744
8191
29010
11183
18824
16732
32052
22883
26781
5831
25394
31209
32721
5669
2162
18782
22549
11437
3356
28632
8058
7487
353
29272
26193
6392
27580
12282
30609
17923
1143
16239
4218
10418
19058
16557
15224
8909
21792
30437
21066
32042
2002
16054
27491
12157
2616
13472
13969
23154
10788
8123
3292
10233
2706
29865
14257
1505
17382
1225
13120
28329
22900
11693
28706
13459
10309
7375
22591
761
13080
31615
6895
2532
28584
5920
1119
2011
31021
22932
25655
9721
19493
9717
18297
23107
28500
28038
2476
17464
11786
4329
315
14249
18340
24978
19224
27082
14421
22395
31140
29834
32551
20249
10963
9248
1340
25488
18827
17126
2650
14627
32334
22379
15015
19438
4889
2243
20912
5847
20108
7458
28336
9922
2634
18090
32272
28164
2211
12928
23594
27674
19825
3621
5458
32156
32319
30468
26391
26732
3505
2119
26310
30771
13856
31471
28976
16142
1924
3108
18349
20100
3223
7625
32353
31932
19255
17748
8126
2540
9228
15581
10570
14869
21868
27252
17827
14062
9595
29112
26560
19997
30615
934
11129
24493
20723
24750
8010
4285
4225
16652
23380
5749
24086
5973
2468
11583
5321
24912
17336
4147
11420
31496
26943
1234
26462
10271
21537
20216
17615
18277
3519
8460
518
25769
27004
23674
10256
7376
10364
13923
28122
2084
2732
5267
29008
7918
28930
14003
3015
19526
29958
32703
17816
9002
6545
29627
11534
27086
30932
15778
5251
28467
5021
20896
31685
24315
9686
32640
10431
1916
9294
2408
13141
17939
18365
4804
2191
3514
18690
31616
10490
15325
12974
31610
9803
12138
27590
4663
9286
22056
24517
7893
24798
9289
26593
13376
1950
10818
22927
32169
21575
15578
24137
18228
18619
25473
30863
32497
31257
228
23084
16910
14634
27070
28602
19019
6652
24049
17768
20397
7884
6101
10491
12919
2601
26064
11539
342
7255
551
29104
12252
16370
7443
22004
4399
27091
19736
30507
27395
12344
22930
8456
13509
23838
5009
4913
22297
32754
12518
16383
32647
17001
23934
26750
23665
1197
30447
14780
21833
1209
9809
20288
4865
5382
19535
16088
27842
9831
29565
4504
3296
10545
15597
19999
25102
2464
31485
30748
12494
19318
28274
10513
22828
2277
22987
9815
9388
22703
24271
6243
12417
24460
23145
18247
18431
4300
12981
123
17235
25149
19291
2526
15986
30543
5148
17912
15439
1910
26026
28034
2641
976
8381
552
30724
16392
17251
24205
14095
8826
26775
1936
30566
8088
26134
8910
5056
1164
31854
13927
25164
21791
19800
5638
32159
16601
3143
8475
6641
29545
7489
13931
14986
17480
5614
203
23415
2458
21743
296
25473
4693
9072
31179
29280
2980
5377
7899
24363
21902
6561
12324
31507
2771
30236
24598
27729
16406
5784
11281
13661
15937
28522
2528
15457
15398
24622
3715
26349
23394
19734
29233
7660
27783
25218
5533
19927
15994
14033
27769
14120
32025
15991
28984
8978
25377
18000
1561
20591
17231
26677
26465
11514
11462
11724
4839
11966
11953
21924
18646
25038
32553
28289
2479
32311
2393
15604
13709
6707
9952
7983
12461
19615
2166
25368
12589
21423
4563
17052
6676
5089
11469
31302
1939
815
22464
11792
28811
21641
29490
4217
334
30594
4791
32727
5034
16458
21779
3567
26660
19420
1951
9667
1153
29816
6382
17323
23435
27220
7855
29607
8721
